Unnamed: 0,1_영인운수차고지,2_대한항공.메이필드호텔,3_강서면허시험장.메이필드호텔,4_마곡수명산파크7단지,5_마곡수명산파크5단지6단지,6_마곡수명산파크2단지,7_마곡엠밸리15단지아파트,8_마곡동로사거리,9_발산역,10_등촌3동천주교회,11_등촌3동주공10단지아파트,12_서울서진학교,13_가양동천주교영등포공업고등학교,14_가양2단지성지아파트.동양고등학교,15_가양한강타운아파트,16_양천향교입구,17_양천향교역,18_서울강서우체국,19_서울호서전문학교.등촌주공3단지아파트,20_발산역2번출구,21_발산역.우장산힐스테이트,22_명덕고등학교.서울스타병원,23_우장산역,24_화곡중고등학교,25_대원시장,26_화곡역,27_화곡역.현대주유소,28_신월초등학교,29_가로공원.나누리병원,30_화곡중앙골목시장,31_화곡대림아파트,32_화곡동백구사,33_다운어린이공원.치유하는교회,34_까치산역4번출구,35_화곡8동주민센터.까치산시장,36_서울신정초등학교,37_화곡2동주민센터,38_성석교회,39_목동사거리,40_목동역.홍익병원,41_목동7단지,42_목동대학학원,43_오목교역.동신한방병원,44_관악고등학교,45_양평신동아아파트,46_교보앞,47_당산동진로아파트,48_김안과병원,49_영등포시장로터리방면,50_경방타임스퀘어.신세계백화점,51_김안과병원,52_당산동진로아파트,53_양남동로타리,54_양평1동주민센터,55_관악고등학교,56_오목교역.동신한방병원,57_목동대학학원,58_목동7단지.종로학원,59_목동역.홍익병원,60_홍익병원목동관,61_화곡동남부시장,62_화곡2동주민센터,63_서울신정초등학교,64_화곡8동주민센터,65_까치산역2번출구,66_화곡동백구사,67_화곡동대림아파트.화곡중앙시장,68_가로공원.나누리병원,69_신월초등학교,70_화곡역,71_화곡역1번출구,72_대원시장,73_화곡중고등학교,74_우장산역,75_명덕고등학교.서울스타병원,76_발산역.우장산힐스테이트,77_발산역3번출구,78_서울호서전문학교.등촌주공3단지아파트,79_서울강서우체국,80_양천향교역.휴먼빌아파트,81_가양한강타운아파트,82_가양2단지성지아파트.동양고등학교,83_한보구암마을아파트,84_강서한강자이아파트,85_등촌3동대림아파트,86_등촌3동천주교회,87_등촌주공5단지아파트,88_발산역4번출구,89_발산역9번출구,90_마곡동로사거리,91_마곡엠밸리14단지아파트,92_마곡수명산파크2단지,93_마곡수명산파크3단지4단지,94_마곡수명산파크7단지,95_강서면허시험장.메이필드호텔,96_외발산신광명마을,97_영인운수차고지
2022-03-05 04:00:00,1,1,0,1,1,0,0,0,0,0,2,0,0,3,4,4,0,0,0,5,6,0,8,0,8,5,5,6,0,0,7,6,0,0,0,0,0,0,0,0,0,0,0,0,0,0,0,0,0,0,0,0,0,0,0,0,0,0,0,0,0,0,0,0,0,0,0,0,0,0,0,0,0,0,0,0,0,0,0,0,0,0,0,0,0,0,0,0,0,0,0,0,0,0,0,0,0
2022-03-05 05:00:00,0,0,0,1,3,3,0,2,1,0,0,0,1,0,2,0,0,2,0,3,0,2,0,4,0,0,2,0,3,0,4,3,0,2,0,4,1,5,4,2,0,0,0,0,0,0,0,0,1,0,1,0,0,0,0,0,0,0,0,0,1,0,0,4,0,0,3,3,4,7,6,5,0,0,0,0,0,0,0,0,0,0,0,0,0,0,0,0,0,0,0,0,0,0,0,0,0
2022-03-05 06:00:00,0,0,0,0,1,2,1,0,0,0,0,0,1,0,2,2,0,0,1,3,4,3,1,1,2,0,2,4,0,11,13,14,11,4,0,0,5,6,5,4,0,0,0,0,0,3,2,1,0,1,1,0,0,0,0,0,0,0,0,0,6,10,9,7,4,2,4,3,1,3,0,2,4,0,3,1,2,1,0,0,0,0,0,0,0,1,0,0,0,0,1,0,0,0,0,0,0
2022-03-05 07:00:00,0,0,1,0,0,1,0,0,0,0,1,0,2,3,5,2,3,0,6,2,2,4,2,5,5,4,3,0,3,7,8,9,1,4,3,5,4,7,8,6,5,4,3,4,0,3,2,1,0,5,4,3,0,0,0,0,0,0,0,0,3,7,8,7,5,7,8,12,12,9,8,7,5,7,3,2,2,1,0,2,2,0,2,1,2,0,0,0,0,0,0,1,1,1,0,0,0
2022-03-05 08:00:00,1,1,0,1,2,1,0,0,3,0,0,0,0,5,11,11,13,0,10,4,3,4,3,4,5,6,0,4,7,8,8,9,10,12,12,16,13,14,12,15,13,11,10,11,5,2,0,1,0,3,0,4,2,2,3,2,1,0,1,2,3,5,6,3,6,10,12,11,12,11,6,9,7,11,8,7,6,3,2,1,1,0,0,1,0,0,0,1,0,0,1,0,2,0,0,0,0
2022-03-05 09:00:00,0,0,2,0,6,8,10,6,3,2,0,1,3,7,11,8,0,9,6,5,5,6,7,8,6,5,6,0,6,12,16,18,19,9,12,7,13,15,18,15,13,10,8,11,12,10,9,5,3,2,4,4,0,3,4,2,0,1,2,0,7,10,12,0,12,10,12,6,8,6,7,7,7,8,9,7,5,6,5,4,0,3,1,2,1,2,2,0,0,1,1,2,1,1,0,0,0
2022-03-05 10:00:00,0,0,0,1,4,2,3,2,1,0,0,0,4,5,9,10,5,10,8,9,11,9,7,8,3,7,4,8,9,11,12,12,11,8,9,8,12,16,18,12,8,11,10,8,0,10,5,5,0,7,6,7,8,9,13,11,14,14,12,9,8,11,13,12,9,9,11,12,10,11,11,12,11,11,10,9,6,6,3,2,3,1,1,2,2,1,0,1,0,0,0,0,0,0,0,0,0
2022-03-05 11:00:00,0,0,0,1,2,5,4,3,2,3,4,2,3,2,5,7,0,9,10,6,6,7,9,7,5,1,4,5,1,2,5,6,0,6,3,5,9,6,11,7,6,1,4,2,0,2,1,0,2,5,7,0,4,5,5,4,8,2,15,12,13,16,18,18,19,14,12,13,13,16,16,15,18,16,13,10,6,5,4,3,2,2,1,3,2,1,0,0,3,2,2,0,0,1,0,0,0
2022-03-05 12:00:00,0,0,2,3,6,5,5,3,1,0,2,0,1,3,4,3,7,0,8,10,10,10,16,17,18,19,15,0,13,17,24,30,28,15,14,12,13,21,17,15,8,6,7,0,0,0,2,1,0,4,5,7,8,0,8,8,11,3,7,4,5,7,10,8,12,12,18,18,19,17,22,22,25,26,16,15,8,0,1,6,5,4,0,0,3,3,4,2,3,0,2,0,0,1,0,0,0
2022-03-05 13:00:00,0,0,0,1,3,5,1,4,2,2,0,0,4,7,9,11,11,9,7,10,10,11,11,0,10,10,12,0,13,11,11,14,14,14,15,8,10,11,14,15,13,10,10,9,10,8,8,4,3,7,9,0,11,10,8,7,11,12,16,10,14,14,14,12,14,14,16,19,15,16,17,18,16,18,19,22,18,15,14,12,8,4,3,3,2,1,5,3,1,3,2,0,2,0,0,0,0
2022-03-05 14:00:00,0,0,2,0,3,4,2,3,2,5,0,2,3,2,5,7,10,0,11,20,20,18,19,13,17,17,14,0,12,11,0,10,8,9,8,14,13,9,12,9,12,9,10,7,9,8,7,5,4,11,16,14,12,11,6,8,8,9,15,10,17,19,21,19,14,15,19,13,16,10,14,19,18,12,13,12,8,4,6,6,4,2,0,1,2,2,1,2,3,1,1,2,2,1,0,0,0
2022-03-05 15:00:00,0,0,0,2,3,4,3,0,2,0,15,4,0,3,2,3,5,8,7,16,15,21,24,21,17,12,18,20,19,13,14,16,15,14,13,14,15,22,16,14,15,8,9,6,5,2,3,4,4,8,11,4,0,0,10,9,11,5,7,5,6,8,9,6,13,12,14,15,16,16,19,20,16,14,12,11,7,6,0,6,7,6,0,2,3,1,0,0,0,0,1,0,0,0,0,0,0
2022-03-05 16:00:00,2,2,0,0,1,0,2,1,0,4,0,3,0,6,8,0,9,11,12,16,14,17,14,13,16,16,14,16,15,9,10,9,6,6,8,5,0,6,5,4,0,2,0,0,5,0,0,3,3,8,13,14,10,13,14,12,11,14,14,13,11,13,12,8,11,8,8,6,0,7,6,5,6,7,6,7,8,0,0,8,5,2,1,0,1,0,0,0,2,1,1,0,0,0,0,0,0
2022-03-05 17:00:00,0,0,2,5,6,7,0,5,4,1,2,0,0,4,10,0,9,7,10,12,13,16,15,16,17,15,18,3,19,14,12,12,10,9,11,11,13,11,14,12,11,0,10,1,10,0,8,4,1,7,11,0,0,10,8,8,11,15,14,13,10,13,14,13,19,17,11,12,11,13,5,11,12,10,14,10,19,19,2,18,6,3,1,2,1,0,0,3,2,1,0,1,0,0,0,0,0
2022-03-05 18:00:00,0,0,1,4,2,0,4,2,2,0,1,0,2,3,5,6,6,0,4,11,8,11,13,14,13,13,15,0,15,14,12,13,12,13,10,10,8,7,6,3,4,2,3,0,6,0,0,2,3,16,20,11,0,0,12,19,23,23,25,21,16,14,6,6,13,10,9,0,9,6,10,0,13,14,16,3,5,0,0,4,5,3,2,1,3,0,0,2,2,3,2,3,0,0,0,0,0
2022-03-05 19:00:00,0,0,0,0,0,0,1,0,0,0,2,0,0,2,7,3,9,8,6,13,16,12,11,7,11,6,7,6,4,3,2,3,1,7,7,6,1,5,6,0,0,6,0,0,1,0,0,0,3,9,10,11,12,11,10,10,11,11,13,10,9,7,8,6,10,8,8,7,6,5,5,4,6,6,6,3,11,8,7,9,7,4,3,0,0,0,0,0,1,2,1,0,0,0,0,0,0
2022-03-05 20:00:00,0,0,0,0,0,1,0,0,0,3,0,0,0,2,4,2,6,0,6,7,1,8,9,11,10,9,9,8,7,9,0,7,8,8,0,7,5,4,2,2,0,1,5,4,3,2,1,1,0,19,22,22,22,10,20,19,16,15,18,17,13,9,8,8,8,7,3,4,3,2,5,7,13,11,9,12,11,10,9,12,3,2,1,2,0,3,2,1,6,0,0,1,0,0,0,0,0
2022-03-05 21:00:00,0,0,0,1,0,0,0,1,0,0,1,0,0,0,2,0,3,4,0,10,11,12,12,13,11,10,11,9,7,5,5,0,4,6,1,5,4,2,1,0,0,2,1,3,3,5,3,0,0,18,21,0,0,20,18,5,20,22,27,24,16,13,13,11,13,11,6,5,4,3,4,3,2,7,5,1,6,5,5,3,1,2,1,1,1,2,1,3,7,8,6,2,0,0,0,0,0
2022-03-05 22:00:00,0,0,0,1,0,1,0,1,0,0,2,0,1,3,1,4,6,5,4,6,8,3,7,5,4,4,6,5,4,5,6,0,0,9,10,7,5,4,3,0,2,0,1,0,3,0,2,0,2,15,24,3,25,21,19,20,19,23,26,22,23,20,19,15,18,12,4,4,0,2,3,0,4,3,2,0,6,3,0,7,3,1,0,0,2,3,2,0,7,0,6,4,3,2,0,0,0
2022-03-05 23:00:00,0,0,0,0,0,0,0,0,0,2,0,1,0,0,0,0,2,0,0,6,8,0,0,6,8,8,7,6,5,4,0,2,0,3,5,5,3,1,0,2,1,0,1,0,0,1,0,0,1,6,9,8,8,8,6,4,11,4,16,12,9,8,2,0,5,9,7,0,9,4,2,4,3,3,2,1,6,3,4,7,6,3,1,1,0,0,0,0,2,0,4,0,1,0,0,0,0
2022-03-06 00:00:00,0,0,0,0,0,0,0,0,0,0,0,0,0,0,0,0,0,0,0,0,0,0,0,0,0,0,0,0,0,0,0,0,0,0,0,0,0,0,0,0,0,0,0,0,0,0,0,0,0,0,0,0,0,0,0,0,0,0,0,0,0,0,0,0,0,0,0,0,0,0,0,0,0,0,0,0,0,0,0,0,0,0,0,0,0,0,0,0,0,0,0,0,0,0,0,0,0
2022-03-06 01:00:00,0,0,0,0,0,0,0,0,0,0,0,0,0,0,0,0,0,0,0,0,0,0,0,0,0,0,0,0,0,0,0,0,0,0,0,0,0,0,0,0,0,0,0,0,0,0,0,0,0,0,0,0,0,0,0,0,0,0,0,0,0,0,0,0,0,0,0,0,0,0,0,0,0,0,0,0,0,0,0,0,0,0,0,0,0,0,0,0,0,0,0,0,0,0,0,0,0
2022-03-06 02:00:00,0,0,0,0,0,0,0,0,0,0,0,0,0,0,0,0,0,0,0,0,0,0,0,0,0,0,0,0,0,0,0,0,0,0,0,0,0,0,0,0,0,0,0,0,0,0,0,0,0,0,0,0,0,0,0,0,0,0,0,0,0,0,0,0,0,0,0,0,0,0,0,0,0,0,0,0,0,0,0,0,0,0,0,0,0,0,0,0,0,0,0,0,0,0,0,0,0
2022-03-06 03:00:00,0,0,0,0,0,0,0,0,0,0,0,0,0,0,0,0,0,0,0,0,0,0,0,0,0,0,0,0,0,0,0,0,0,0,0,0,0,0,0,0,0,0,0,0,0,0,0,0,0,0,0,0,0,0,0,0,0,0,0,0,0,0,0,0,0,0,0,0,0,0,0,0,0,0,0,0,0,0,0,0,0,0,0,0,0,0,0,0,0,0,0,0,0,0,0,0,0
2022-03-06 04:00:00,0,0,0,0,1,0,0,0,0,0,0,0,0,1,2,2,3,0,0,2,0,0,3,4,5,0,4,0,0,0,0,3,2,1,0,0,0,0,0,0,0,0,0,0,0,0,0,0,0,0,0,0,0,0,0,0,0,0,0,0,0,0,0,0,0,0,0,0,0,0,0,0,0,0,0,0,0,0,0,0,0,0,0,0,0,0,0,0,0,0,0,0,0,0,0,0,0
2022-03-06 05:00:00,0,0,0,1,1,0,0,0,0,0,0,1,0,1,2,0,0,0,0,5,4,2,0,0,5,0,4,3,1,2,1,3,0,1,0,0,2,2,1,0,0,0,0,0,0,2,1,0,0,2,3,0,2,0,2,1,0,0,0,0,1,0,0,2,0,1,0,0,0,0,0,0,0,0,0,0,0,0,0,0,0,0,0,0,0,0,0,0,0,0,0,0,0,0,0,0,0
2022-03-06 06:00:00,0,0,0,0,0,0,0,0,0,0,0,0,1,0,1,2,4,2,3,1,0,3,0,4,5,0,2,2,0,6,7,8,7,3,0,2,5,8,8,5,3,0,2,0,0,1,0,0,0,1,0,0,2,0,1,0,2,0,0,0,2,0,0,1,0,2,0,1,0,0,0,0,2,0,0,0,2,0,0,0,0,0,0,0,0,0,0,0,0,0,0,0,0,1,0,0,0
2022-03-06 07:00:00,0,0,0,1,1,2,0,0,1,0,0,0,1,1,1,0,0,0,0,2,3,1,0,0,3,1,2,2,3,3,4,3,2,5,2,6,4,7,4,3,0,0,5,4,2,3,0,0,0,0,0,1,2,0,2,0,0,1,0,0,4,5,7,4,5,3,5,0,0,4,1,0,0,4,0,5,3,0,0,0,0,4,3,2,2,0,0,0,0,0,0,1,0,1,0,0,0
2022-03-06 08:00:00,0,0,0,0,2,0,0,1,0,0,0,0,0,1,1,0,2,3,0,8,3,11,10,8,9,2,0,2,7,6,0,5,0,3,2,0,3,5,5,6,5,3,0,2,3,0,2,1,0,2,0,0,2,2,1,1,2,2,3,3,4,9,0,0,2,1,2,4,4,3,0,2,3,2,2,0,3,4,0,5,4,3,1,1,0,0,0,0,0,0,1,0,0,2,1,0,0
2022-03-06 09:00:00,0,0,0,2,4,4,3,2,1,0,0,1,2,3,5,0,1,1,3,2,0,3,2,3,3,0,3,4,5,9,12,16,14,10,12,15,14,21,20,20,21,17,19,18,16,15,14,7,3,2,3,0,2,0,2,1,1,0,2,2,4,6,3,7,6,5,4,5,9,10,11,0,10,6,3,0,1,0,0,1,0,0,0,1,1,0,0,0,1,0,0,0,0,0,0,0,0
2022-03-06 10:00:00,0,0,0,1,2,0,0,1,0,0,2,0,1,6,5,0,8,10,4,0,0,3,4,3,6,5,7,8,7,5,6,7,5,7,7,10,11,13,13,12,0,12,16,0,13,12,9,5,5,4,2,0,6,7,8,5,4,5,7,10,12,13,17,16,6,2,8,10,12,11,0,8,7,6,0,0,3,2,0,4,5,1,0,0,0,0,0,2,1,0,0,1,0,0,0,0,0
2022-03-06 11:00:00,0,0,0,2,3,5,0,4,2,1,0,0,0,2,10,0,12,0,2,6,3,5,5,6,4,3,6,5,3,6,9,3,4,7,6,7,9,14,11,12,8,11,10,9,0,3,8,2,0,3,0,4,0,0,2,3,4,0,8,6,4,5,1,6,4,8,11,8,7,6,7,6,2,8,5,4,2,1,0,0,0,0,0,0,1,0,0,0,1,0,0,0,0,0,0,0,0
2022-03-06 12:00:00,0,0,0,4,5,7,7,5,1,2,3,0,2,5,7,8,5,1,7,6,3,7,5,9,8,7,7,8,7,14,16,17,15,15,17,14,11,14,17,9,5,4,5,4,0,5,3,2,1,6,9,10,9,8,9,8,8,9,8,0,9,10,11,11,8,9,11,13,12,12,11,11,9,13,15,7,4,0,3,2,3,4,3,8,2,2,0,1,0,2,0,1,0,0,0,0,0
2022-03-06 13:00:00,0,0,0,0,1,2,0,0,0,3,4,0,2,9,13,13,12,11,11,16,19,19,19,20,0,18,20,21,19,14,14,12,11,13,14,15,19,19,21,17,15,12,9,9,0,8,6,4,0,7,9,8,9,10,6,8,9,9,13,7,12,16,19,16,16,21,19,21,23,25,26,23,21,18,15,12,6,3,5,5,3,0,1,1,0,0,0,0,0,0,0,0,0,0,0,0,0
2022-03-06 14:00:00,0,0,0,0,1,5,0,2,0,0,2,0,3,4,4,1,1,0,6,9,9,9,8,10,8,7,8,0,3,8,3,6,0,10,11,6,8,12,15,14,0,11,10,11,0,6,7,3,1,6,0,0,0,0,7,8,10,11,10,15,13,16,15,15,11,10,6,13,14,12,5,11,9,11,11,5,5,1,5,4,5,4,0,1,2,2,0,0,0,1,0,0,0,0,0,0,0
2022-03-06 15:00:00,1,0,0,0,3,1,6,3,4,0,0,0,2,0,2,1,0,3,4,10,0,14,12,13,10,11,11,4,10,9,10,14,14,12,9,10,11,11,11,10,9,9,7,8,6,4,7,2,0,16,4,15,0,0,13,1,7,3,11,10,13,14,9,10,14,12,10,6,5,6,7,0,7,6,8,6,7,9,8,7,4,3,0,2,0,3,0,1,2,0,0,0,0,0,0,0,0
2022-03-06 16:00:00,0,2,0,3,5,0,4,3,2,3,0,0,1,2,3,2,3,0,2,6,0,5,6,6,5,5,6,0,5,4,0,7,9,8,7,7,5,6,6,7,6,8,5,3,2,0,3,0,2,19,22,10,23,21,19,22,26,26,26,21,19,21,20,17,13,12,15,14,0,12,13,9,7,9,9,8,5,6,1,0,4,2,0,0,1,4,3,2,5,4,0,1,0,0,0,0,0
2022-03-06 17:00:00,0,0,0,1,3,3,4,1,1,1,0,0,4,3,4,0,7,0,7,9,11,8,8,7,9,8,0,0,7,7,7,5,0,6,9,6,5,5,7,6,7,9,11,10,11,11,11,9,7,19,22,21,19,0,20,10,22,22,19,19,19,19,19,17,17,17,11,12,13,14,17,16,12,11,13,12,13,14,11,7,4,3,3,4,0,0,0,0,1,3,1,0,0,0,0,0,0
2022-03-06 18:00:00,0,0,1,0,1,0,2,3,0,0,2,0,0,3,3,1,6,0,6,9,12,13,13,11,10,9,12,11,11,2,1,2,0,6,6,5,5,7,7,6,5,6,3,2,0,0,1,0,2,21,10,22,20,0,20,19,23,26,30,24,18,13,14,13,17,16,13,16,17,12,0,10,9,8,12,3,14,11,10,8,4,0,0,4,0,3,0,0,3,2,0,0,0,0,0,0,0
2022-03-06 19:00:00,0,0,0,0,2,0,1,0,0,0,0,2,0,0,3,1,2,0,3,6,5,7,5,0,6,0,6,8,10,9,2,0,8,10,11,9,7,8,6,6,5,5,5,4,0,3,0,0,3,10,14,15,14,0,13,13,13,13,21,8,13,12,11,10,9,9,6,5,4,5,6,9,5,7,5,0,4,2,0,2,2,1,2,0,0,3,2,1,2,0,2,0,0,0,0,0,0
2022-03-06 20:00:00,0,0,0,1,0,1,2,0,3,2,1,1,2,0,0,0,3,0,4,8,8,0,7,0,0,2,3,0,0,4,7,6,4,7,7,7,7,5,8,0,0,4,3,0,4,0,0,1,1,11,10,9,7,8,7,8,13,8,17,14,11,11,11,0,9,7,5,6,6,7,7,0,6,1,4,2,1,3,0,0,2,1,0,0,0,0,0,0,3,4,1,3,0,1,0,0,0
2022-03-06 21:00:00,0,0,0,0,0,1,0,0,1,3,2,1,0,0,2,0,4,3,2,6,0,2,1,8,8,5,3,6,6,2,0,0,0,5,8,7,3,0,2,0,0,1,2,3,3,0,2,1,0,7,13,0,0,12,8,7,11,9,3,8,5,4,2,1,9,6,5,3,4,1,0,1,0,3,3,0,7,6,0,6,3,1,0,0,1,1,0,1,1,2,0,0,0,0,0,0,0
2022-03-06 22:00:00,0,1,0,0,0,0,0,0,0,1,2,0,0,2,0,0,3,3,0,11,2,13,14,13,0,12,10,11,10,9,10,0,0,12,10,8,6,5,3,4,0,0,2,0,0,0,0,1,2,5,5,0,5,0,4,5,8,10,13,12,9,5,5,4,8,6,4,6,5,6,5,6,5,5,4,3,7,9,0,8,3,2,0,1,0,0,0,0,2,0,0,0,0,0,0,0,0
2022-03-06 23:00:00,0,0,0,0,0,0,0,0,0,1,0,0,0,0,0,0,2,5,6,6,0,6,5,5,4,3,3,4,3,0,5,0,0,5,6,3,5,7,4,3,0,0,2,1,0,0,0,0,0,4,6,0,6,3,5,6,8,7,9,7,3,3,0,2,4,2,4,3,0,3,4,5,0,1,2,0,2,1,0,3,3,1,0,0,0,0,0,0,5,9,7,1,5,0,0,0,0
2022-03-07 00:00:00,0,0,0,0,0,0,0,0,0,0,0,0,0,0,0,0,0,0,0,0,0,0,0,0,0,0,0,0,0,0,0,0,0,0,0,0,0,0,0,0,0,0,0,0,0,0,0,0,0,0,0,0,0,0,0,0,0,0,0,0,0,0,0,0,0,0,0,0,0,0,0,0,0,0,0,0,0,0,0,0,0,0,0,0,0,0,0,0,0,0,0,0,0,0,0,0,0
2022-03-07 01:00:00,0,0,0,0,0,0,0,0,0,0,0,0,0,0,0,0,0,0,0,0,0,0,0,0,0,0,0,0,0,0,0,0,0,0,0,0,0,0,0,0,0,0,0,0,0,0,0,0,0,0,0,0,0,0,0,0,0,0,0,0,0,0,0,0,0,0,0,0,0,0,0,0,0,0,0,0,0,0,0,0,0,0,0,0,0,0,0,0,0,0,0,0,0,0,0,0,0
2022-03-07 02:00:00,0,0,0,0,0,0,0,0,0,0,0,0,0,0,0,0,0,0,0,0,0,0,0,0,0,0,0,0,0,0,0,0,0,0,0,0,0,0,0,0,0,0,0,0,0,0,0,0,0,0,0,0,0,0,0,0,0,0,0,0,0,0,0,0,0,0,0,0,0,0,0,0,0,0,0,0,0,0,0,0,0,0,0,0,0,0,0,0,0,0,0,0,0,0,0,0,0
2022-03-07 03:00:00,0,0,0,0,0,0,0,0,0,0,0,0,0,0,0,0,0,0,0,0,0,0,0,0,0,0,0,0,0,0,0,0,0,0,0,0,0,0,0,0,0,0,0,0,0,0,0,0,0,0,0,0,0,0,0,0,0,0,0,0,0,0,0,0,0,0,0,0,0,0,0,0,0,0,0,0,0,0,0,0,0,0,0,0,0,0,0,0,0,0,0,0,0,0,0,0,0
2022-03-07 04:00:00,0,0,0,1,2,1,1,2,0,0,2,0,0,3,5,4,0,3,5,1,0,6,7,2,6,5,4,0,0,0,5,0,0,0,0,0,0,0,0,0,0,0,0,0,0,0,0,0,0,0,0,0,0,0,0,0,0,0,0,0,0,0,0,0,0,0,0,0,0,0,0,0,0,0,0,0,0,0,0,0,0,0,0,0,0,0,0,0,0,0,0,0,0,0,0,0,0
2022-03-07 05:00:00,0,0,0,1,3,3,1,2,0,0,1,2,0,0,4,2,4,0,5,4,5,4,0,0,4,3,4,4,6,5,7,9,5,3,5,4,5,7,6,4,3,0,5,3,3,1,0,1,0,1,1,0,0,2,4,3,0,0,4,0,4,8,4,6,7,0,4,0,0,3,4,0,3,0,0,0,0,0,0,0,0,0,0,0,0,0,0,0,0,0,0,0,0,0,0,0,0
2022-03-07 06:00:00,0,0,1,3,0,1,2,1,0,0,0,1,2,4,6,2,3,1,0,0,2,2,1,1,1,2,0,2,3,4,5,10,7,5,5,6,8,14,10,9,0,6,2,6,1,1,3,2,0,2,0,3,0,0,0,0,5,1,4,2,4,4,10,10,6,6,7,9,10,9,10,5,0,11,13,13,3,3,1,0,0,0,0,1,2,3,2,1,1,0,0,0,1,0,0,0,0
2022-03-07 07:00:00,0,0,1,2,6,13,14,8,8,9,7,4,5,3,8,10,11,12,11,10,10,7,7,5,8,8,5,6,7,15,32,43,35,15,10,18,18,25,28,23,20,15,11,11,11,8,7,5,0,1,2,3,2,0,0,0,0,3,3,2,11,24,31,27,10,13,19,25,26,22,27,26,22,23,20,23,24,12,22,22,20,14,5,9,3,2,2,0,2,2,9,7,1,2,0,0,0
2022-03-07 08:00:00,0,1,0,3,8,10,9,6,9,7,6,2,3,5,11,10,17,14,13,6,5,8,8,12,12,10,13,17,15,25,33,42,34,16,17,19,23,39,34,31,31,27,30,28,23,22,12,5,1,15,17,14,10,6,6,5,5,3,4,3,11,22,25,20,12,15,18,23,24,15,19,19,19,16,21,19,18,16,14,8,7,8,6,4,5,8,3,5,6,5,5,3,0,4,0,1,0
2022-03-07 09:00:00,0,0,1,3,6,8,8,5,2,1,3,2,2,5,7,4,11,12,12,7,8,10,12,13,13,11,15,13,12,12,12,14,12,11,13,9,9,9,9,8,9,5,8,17,15,9,8,5,2,7,9,6,2,5,5,3,2,6,5,5,7,10,12,12,10,9,21,22,22,22,23,24,23,25,23,22,14,10,9,5,3,3,2,3,5,4,4,4,5,0,0,0,1,0,0,0,0
2022-03-07 10:00:00,0,0,0,1,2,3,3,2,1,2,4,4,2,4,6,5,10,0,13,10,8,10,11,10,8,11,10,9,8,6,7,10,8,10,9,10,10,12,14,10,7,4,5,0,0,6,4,3,2,5,7,4,6,8,9,7,7,10,12,11,12,14,17,12,15,10,8,15,15,17,16,14,12,11,12,8,3,6,5,3,3,4,3,4,4,1,0,2,3,0,0,0,0,0,1,0,0
2022-03-07 11:00:00,1,1,2,3,1,4,2,3,3,0,1,3,1,4,7,7,11,6,6,9,10,11,14,14,12,11,12,0,6,12,10,11,10,11,8,10,9,10,9,6,4,7,6,0,6,5,4,1,0,5,4,3,3,0,7,3,3,4,10,9,11,14,15,10,9,8,12,15,16,12,13,14,12,11,10,10,8,5,4,6,5,4,2,3,4,5,0,3,4,2,3,2,1,1,0,0,0
2022-03-07 12:00:00,0,0,1,0,2,5,4,3,2,3,4,3,2,2,5,6,9,8,9,9,8,12,14,14,9,9,11,12,10,11,9,8,7,10,8,8,12,11,8,8,7,5,6,0,3,5,4,2,0,4,4,5,0,6,8,7,0,6,3,5,10,11,12,7,12,11,9,8,8,9,12,11,14,16,15,6,5,4,0,3,5,4,5,3,4,5,2,4,1,3,2,1,0,0,0,0,0
2022-03-07 13:00:00,1,0,1,1,4,0,0,2,6,8,4,6,5,4,8,1,3,8,9,7,12,10,10,7,10,11,13,0,9,8,7,11,8,7,9,7,8,9,9,8,13,12,10,8,4,0,3,1,0,8,9,1,10,3,14,12,16,15,16,16,19,22,20,21,17,15,13,12,9,11,10,9,9,11,17,13,9,7,7,4,3,2,0,1,2,3,2,1,2,0,1,1,0,0,0,0,0
2022-03-07 14:00:00,0,0,0,3,5,6,5,5,4,4,5,0,7,5,8,9,10,4,8,10,12,12,17,18,17,16,16,17,9,18,8,13,10,13,13,10,11,13,13,11,9,6,7,6,0,0,1,3,1,11,20,18,18,17,14,14,13,14,17,14,15,16,16,17,11,13,11,11,17,18,12,15,12,7,7,8,8,7,5,4,5,4,3,4,3,2,3,2,3,3,2,3,0,3,0,0,0
2022-03-07 15:00:00,0,0,3,4,6,2,0,5,4,3,7,0,20,23,22,22,26,27,26,27,30,47,47,46,47,44,37,21,17,15,14,12,11,11,12,15,11,11,11,6,5,3,5,4,4,5,3,3,2,5,7,0,5,8,0,9,11,4,16,10,11,14,14,14,18,16,16,13,13,14,14,15,15,20,31,28,23,20,10,9,6,4,7,9,9,6,2,3,2,0,2,1,0,0,2,0,0
2022-03-07 16:00:00,0,1,3,4,1,5,5,7,6,6,0,2,5,15,18,18,25,27,26,23,26,30,27,26,23,21,36,38,33,28,23,20,18,21,13,17,14,15,12,6,5,3,5,5,1,2,1,5,1,10,11,13,14,12,14,10,10,9,11,8,8,10,11,10,15,15,11,13,11,13,14,15,12,13,14,11,14,13,19,14,8,7,17,13,9,8,6,7,8,0,4,1,1,0,0,0,0
2022-03-07 17:00:00,0,0,4,5,7,9,7,4,5,3,7,8,8,6,10,13,19,20,17,18,25,24,28,32,34,27,31,27,21,18,13,9,5,10,17,13,8,12,9,6,4,4,5,3,2,3,5,3,3,8,12,13,14,7,15,14,15,16,18,15,15,14,15,12,14,13,11,11,9,10,14,13,18,19,17,15,14,13,11,11,6,5,8,11,0,4,3,2,2,0,3,1,0,0,0,0,0
2022-03-07 18:00:00,1,0,2,4,4,5,6,6,5,3,4,6,7,8,9,17,27,19,31,28,27,29,28,30,10,21,20,10,17,15,12,11,9,12,13,12,11,12,10,7,6,6,5,0,6,8,8,4,6,15,17,19,22,24,11,22,23,23,30,22,15,14,15,13,17,18,14,15,13,14,17,15,12,12,13,7,8,6,5,9,5,3,5,7,7,8,8,6,10,11,10,7,2,2,0,1,0
2022-03-07 19:00:00,0,2,3,4,0,6,4,3,2,0,2,1,2,3,4,4,15,0,17,16,19,20,22,23,23,18,23,22,18,13,11,10,9,18,19,15,6,4,2,4,0,5,5,5,5,4,3,0,1,8,8,7,8,4,12,7,25,27,43,39,24,23,21,16,16,13,7,6,3,10,7,9,8,9,8,6,10,7,6,10,6,1,0,3,0,0,1,0,0,2,5,2,2,1,0,0,0
2022-03-07 20:00:00,0,0,1,2,1,3,0,1,2,2,1,1,4,3,2,3,4,0,4,12,12,13,12,10,6,11,9,0,11,6,5,3,0,10,14,13,10,7,5,3,2,6,5,3,0,3,0,2,1,11,12,11,13,10,8,7,14,15,21,18,10,10,9,7,10,8,5,0,5,4,5,7,5,5,8,10,9,2,6,12,3,1,3,0,2,2,3,2,8,9,11,3,0,1,0,0,0
2022-03-07 21:00:00,0,0,1,2,0,2,0,0,0,1,2,1,3,3,2,4,4,5,5,10,11,8,16,22,19,18,14,14,14,15,16,11,6,9,8,8,5,5,3,3,3,3,4,2,0,3,1,1,0,16,18,0,17,13,13,14,17,18,23,20,16,12,13,12,16,16,9,8,4,2,4,0,3,1,2,0,6,3,5,6,3,2,2,1,0,1,2,3,4,6,5,3,1,0,0,0,0
2022-03-07 22:00:00,0,0,1,0,1,2,0,3,2,5,7,2,6,5,4,3,3,0,0,6,8,7,0,9,9,8,9,7,7,8,8,5,7,7,8,7,6,3,1,3,0,3,0,2,0,1,0,1,1,9,12,12,7,11,10,9,10,10,13,11,8,8,3,8,7,4,3,3,4,3,3,9,8,10,8,2,7,6,7,5,3,2,0,1,0,0,1,2,1,0,1,0,1,0,0,0,0
2022-03-07 23:00:00,0,0,0,0,0,0,0,0,0,6,0,5,0,6,4,0,5,0,0,6,4,6,5,0,4,0,3,2,7,7,5,2,1,0,1,1,0,1,2,0,2,0,3,0,3,0,0,2,1,5,7,7,6,0,5,0,6,6,12,11,14,11,0,11,17,14,9,7,0,6,2,6,5,4,3,0,2,2,0,1,2,1,3,0,1,3,1,2,0,0,0,1,0,0,0,0,0
2022-03-08 00:00:00,0,0,0,0,0,0,0,0,0,0,0,0,0,0,0,0,0,0,0,0,0,0,0,0,0,0,0,0,0,0,0,0,0,0,0,0,0,0,0,0,0,0,0,0,0,0,0,0,0,0,0,0,0,0,0,0,0,0,0,0,0,0,0,0,0,0,0,0,0,0,0,0,0,0,0,0,0,0,0,0,0,0,0,0,0,0,0,0,0,0,0,0,0,0,0,0,0
2022-03-08 01:00:00,0,0,0,0,0,0,0,0,0,0,0,0,0,0,0,0,0,0,0,0,0,0,0,0,0,0,0,0,0,0,0,0,0,0,0,0,0,0,0,0,0,0,0,0,0,0,0,0,0,0,0,0,0,0,0,0,0,0,0,0,0,0,0,0,0,0,0,0,0,0,0,0,0,0,0,0,0,0,0,0,0,0,0,0,0,0,0,0,0,0,0,0,0,0,0,0,0
2022-03-08 02:00:00,0,0,0,0,0,0,0,0,0,0,0,0,0,0,0,0,0,0,0,0,0,0,0,0,0,0,0,0,0,0,0,0,0,0,0,0,0,0,0,0,0,0,0,0,0,0,0,0,0,0,0,0,0,0,0,0,0,0,0,0,0,0,0,0,0,0,0,0,0,0,0,0,0,0,0,0,0,0,0,0,0,0,0,0,0,0,0,0,0,0,0,0,0,0,0,0,0
2022-03-08 03:00:00,0,0,0,0,0,0,0,0,0,0,0,0,0,0,0,0,0,0,0,0,0,0,0,0,0,0,0,0,0,0,0,0,0,0,0,0,0,0,0,0,0,0,0,0,0,0,0,0,0,0,0,0,0,0,0,0,0,0,0,0,0,0,0,0,0,0,0,0,0,0,0,0,0,0,0,0,0,0,0,0,0,0,0,0,0,0,0,0,0,0,0,0,0,0,0,0,0
2022-03-08 04:00:00,0,0,0,1,2,1,1,2,0,3,3,0,0,4,5,5,0,0,7,2,10,10,0,0,10,9,7,6,0,5,0,0,4,0,3,0,0,0,0,0,0,0,0,0,0,0,0,0,0,0,0,0,0,0,0,0,0,0,0,0,0,0,0,0,0,0,0,0,0,0,0,0,0,0,0,0,0,0,0,0,0,0,0,0,0,0,0,0,0,0,0,0,0,0,0,0,0
2022-03-08 05:00:00,0,0,0,1,2,2,1,0,1,1,0,3,0,1,4,3,4,5,5,4,4,6,8,4,9,7,5,0,6,5,7,8,7,6,2,3,0,3,5,3,2,1,3,2,0,1,1,1,0,1,1,0,0,0,0,0,0,0,0,0,0,1,0,0,0,1,0,0,2,0,0,0,0,0,0,0,0,0,0,0,0,0,0,0,0,0,0,0,0,0,0,0,0,0,0,0,0
2022-03-08 06:00:00,0,0,1,2,3,2,1,2,1,0,0,0,0,3,6,2,0,2,2,2,1,3,2,2,1,0,4,2,5,5,7,7,6,4,6,7,10,13,13,11,0,0,6,4,0,1,3,1,0,0,2,2,3,4,5,4,3,3,0,2,2,4,7,8,4,5,7,9,5,8,8,1,0,9,7,6,8,5,4,3,1,0,0,1,3,2,0,0,1,0,0,0,1,0,0,0,0
2022-03-08 07:00:00,0,0,0,2,5,11,9,7,7,9,10,8,10,6,9,6,8,9,9,8,7,6,5,5,6,5,5,7,6,10,14,20,16,9,7,7,9,17,23,16,16,6,11,8,6,7,5,3,1,6,10,8,6,5,5,4,0,5,7,5,11,19,26,20,9,8,20,23,26,36,37,36,30,33,28,32,30,26,24,14,27,19,5,6,3,0,3,2,2,3,1,3,0,1,0,0,0
2022-03-08 08:00:00,0,1,0,4,10,12,12,7,10,6,7,4,2,10,16,14,15,5,12,11,11,11,10,11,11,9,14,15,12,18,22,23,19,15,16,18,18,27,35,27,27,25,29,23,17,12,9,4,2,16,15,11,6,5,5,6,5,6,7,8,14,32,44,38,14,13,26,30,29,26,28,29,30,33,34,36,36,31,16,12,10,9,5,6,5,5,4,5,14,3,1,4,2,0,2,1,0
2022-03-08 09:00:00,0,0,0,2,5,6,5,3,3,2,2,0,2,4,7,6,2,4,5,3,4,5,6,0,6,6,5,3,8,8,12,15,15,14,14,14,14,15,16,26,24,22,22,21,16,13,7,3,0,11,13,9,8,2,6,1,5,1,6,6,10,18,20,16,10,10,13,14,16,17,14,17,14,16,13,11,8,7,5,4,5,4,3,3,5,3,4,4,5,2,2,1,3,0,1,0,0
2022-03-08 10:00:00,1,0,2,2,4,6,5,2,1,2,2,0,2,3,7,2,8,0,6,5,3,4,4,6,5,6,5,4,5,11,10,11,9,8,5,9,8,10,8,10,3,9,6,4,2,2,1,1,0,2,0,3,1,0,7,4,5,4,3,5,4,7,11,7,7,8,14,15,17,19,20,21,16,14,10,7,7,5,6,2,4,0,4,5,2,2,3,4,4,3,5,3,0,0,2,0,0
2022-03-08 11:00:00,0,0,5,6,0,3,7,4,4,2,3,2,2,3,7,4,9,8,7,7,13,4,14,15,8,13,11,12,11,9,9,8,0,12,13,10,11,10,9,8,6,5,7,6,6,6,5,1,2,7,4,6,0,6,6,5,7,7,6,4,11,12,3,8,6,7,7,8,9,7,8,7,6,5,3,4,5,6,1,3,2,0,1,0,0,4,1,0,2,3,0,2,1,0,1,0,0
2022-03-08 12:00:00,0,0,2,1,4,1,3,3,2,0,1,3,2,3,3,3,4,5,9,7,8,7,6,0,0,6,5,7,3,11,15,18,15,17,20,22,23,22,19,5,4,3,0,0,2,0,3,0,1,7,0,0,1,8,10,9,8,10,11,8,13,14,13,13,4,2,7,0,3,8,5,7,6,7,8,7,9,5,8,7,2,1,2,3,1,5,5,3,2,0,1,3,3,0,1,0,0
2022-03-08 13:00:00,0,1,0,2,0,3,4,3,2,2,0,1,2,3,4,5,8,8,7,12,12,14,16,19,19,18,17,18,7,23,24,24,23,19,18,17,19,16,13,14,11,8,7,6,5,5,5,3,0,9,10,12,4,10,13,11,12,14,13,13,16,15,15,17,13,12,14,15,17,17,18,0,16,10,14,9,15,14,13,11,9,7,5,3,4,0,3,1,5,3,3,0,0,3,1,0,0
2022-03-08 14:00:00,0,0,1,2,1,4,3,2,0,2,0,0,3,4,6,3,9,10,11,10,11,13,13,13,11,10,12,7,10,7,7,8,7,11,8,7,8,11,14,13,10,8,4,0,3,0,0,1,3,4,6,0,7,7,7,9,9,10,14,12,10,16,16,17,19,19,11,12,11,8,10,8,8,7,8,6,9,5,8,4,4,4,0,4,0,3,1,0,0,0,1,0,0,0,0,0,0
2022-03-08 15:00:00,0,2,3,3,2,4,3,4,2,3,0,0,5,5,9,8,8,8,10,21,22,31,31,32,33,26,21,8,14,12,12,14,0,16,19,17,16,13,9,7,6,3,0,4,0,0,3,2,2,10,14,8,14,15,10,16,18,19,23,22,16,15,16,14,15,14,10,11,14,9,9,7,5,4,5,6,6,5,5,3,4,0,3,3,2,2,0,2,3,1,1,0,1,0,0,0,0
2022-03-08 16:00:00,0,1,5,2,8,4,9,8,2,4,4,4,15,19,20,22,25,26,25,26,26,25,21,23,23,25,27,26,25,24,30,28,26,15,13,14,10,10,9,8,9,7,9,6,6,6,7,4,1,14,17,18,19,13,14,14,19,22,23,19,19,19,20,18,15,12,12,10,10,13,14,15,13,14,12,10,12,12,12,7,5,4,14,5,13,9,9,8,7,2,6,4,2,1,0,0,0
2022-03-08 17:00:00,0,1,3,4,5,8,5,5,3,4,5,6,7,7,9,11,12,13,16,15,19,22,24,26,24,17,18,16,15,18,16,21,19,18,17,14,12,15,12,9,6,5,7,4,5,5,3,2,1,8,11,13,13,12,16,15,13,14,16,12,14,14,12,11,26,19,17,18,19,10,9,8,9,11,11,10,10,12,0,16,8,8,8,6,8,9,3,5,7,6,4,2,0,0,0,0,0
2022-03-08 18:00:00,2,1,3,6,8,3,6,6,5,4,4,1,3,5,6,17,20,24,22,24,28,32,16,32,32,28,24,20,18,14,15,17,11,14,17,15,12,18,14,12,11,11,9,5,5,8,8,3,5,17,25,27,33,32,32,31,30,27,36,25,23,21,21,19,27,22,17,18,19,16,19,20,18,16,12,11,12,13,6,11,8,5,4,5,7,8,10,7,8,7,3,3,2,0,0,0,0
2022-03-08 19:00:00,0,2,0,4,4,2,5,4,3,3,2,2,3,4,8,9,11,13,12,15,17,16,16,15,13,16,15,16,13,12,14,13,11,15,14,11,6,6,8,8,7,8,7,6,7,7,7,5,3,8,10,11,0,13,12,11,13,12,36,31,19,13,19,17,21,19,11,9,10,6,12,13,12,14,12,11,10,6,9,8,3,1,1,3,1,2,1,0,2,4,4,0,1,1,0,0,0
2022-03-08 20:00:00,0,0,3,1,5,0,2,2,3,3,2,2,1,2,7,9,3,0,10,11,10,8,8,15,17,14,16,14,9,9,9,4,0,10,10,6,5,2,3,2,3,0,5,5,0,0,3,2,2,10,13,10,11,0,12,11,11,13,17,16,12,14,13,12,20,13,7,6,7,5,9,7,6,6,4,3,4,5,4,9,6,3,1,2,3,0,3,0,5,0,3,2,0,5,2,0,0
2022-03-08 21:00:00,0,0,0,0,1,2,1,0,2,3,0,3,2,4,3,7,10,11,11,16,15,14,13,15,8,13,11,8,7,12,10,6,11,10,11,11,5,3,5,3,5,6,6,3,2,1,1,0,1,10,13,14,5,14,15,16,18,21,32,29,23,20,18,17,14,8,6,4,4,2,5,6,0,6,4,2,6,0,1,5,4,3,2,1,0,0,3,4,3,2,3,2,0,0,1,0,0
2022-03-08 22:00:00,0,1,1,2,0,1,0,2,1,3,0,0,0,1,2,2,3,4,4,13,12,14,16,18,20,20,18,15,13,9,5,11,10,9,8,4,3,3,2,2,3,0,4,3,3,3,1,1,1,5,7,7,10,9,8,6,7,13,18,18,17,15,8,12,13,10,10,9,7,6,3,2,3,6,17,18,17,4,0,15,6,4,2,0,0,3,0,0,1,0,0,0,0,0,0,0,0
2022-03-08 23:00:00,0,0,0,0,0,0,0,0,0,3,0,0,3,4,3,0,5,6,0,12,11,13,0,15,16,15,14,13,11,7,6,4,5,14,13,12,3,3,5,3,4,5,5,4,3,4,3,1,1,16,20,19,16,15,14,7,16,7,11,15,8,7,14,13,14,10,5,3,2,2,3,3,4,5,3,1,3,8,9,15,10,1,2,1,0,0,0,0,2,0,3,1,2,0,0,0,0
2022-03-09 00:00:00,0,0,0,0,0,0,0,0,0,0,0,0,0,0,0,0,0,0,0,0,0,0,0,0,0,0,0,0,0,0,0,0,0,0,0,0,0,0,0,0,0,0,0,0,0,0,0,0,0,0,0,0,0,0,0,0,0,0,0,0,0,0,0,0,0,0,0,0,0,0,0,0,0,0,0,0,0,0,0,0,0,0,0,0,0,0,0,0,0,0,0,0,0,0,0,0,0
2022-03-09 01:00:00,0,0,0,0,0,0,0,0,0,0,0,0,0,0,0,0,0,0,0,0,0,0,0,0,0,0,0,0,0,0,0,0,0,0,0,0,0,0,0,0,0,0,0,0,0,0,0,0,0,0,0,0,0,0,0,0,0,0,0,0,0,0,0,0,0,0,0,0,0,0,0,0,0,0,0,0,0,0,0,0,0,0,0,0,0,0,0,0,0,0,0,0,0,0,0,0,0
2022-03-09 02:00:00,0,0,0,0,0,0,0,0,0,0,0,0,0,0,0,0,0,0,0,0,0,0,0,0,0,0,0,0,0,0,0,0,0,0,0,0,0,0,0,0,0,0,0,0,0,0,0,0,0,0,0,0,0,0,0,0,0,0,0,0,0,0,0,0,0,0,0,0,0,0,0,0,0,0,0,0,0,0,0,0,0,0,0,0,0,0,0,0,0,0,0,0,0,0,0,0,0
2022-03-09 03:00:00,0,0,0,0,0,0,0,0,0,0,0,0,0,0,0,0,0,0,0,0,0,0,0,0,0,0,0,0,0,0,0,0,0,0,0,0,0,0,0,0,0,0,0,0,0,0,0,0,0,0,0,0,0,0,0,0,0,0,0,0,0,0,0,0,0,0,0,0,0,0,0,0,0,0,0,0,0,0,0,0,0,0,0,0,0,0,0,0,0,0,0,0,0,0,0,0,0
2022-03-09 04:00:00,0,0,0,0,1,0,0,0,0,0,1,0,0,2,3,3,5,0,6,0,7,5,6,0,5,4,3,0,4,0,3,0,0,0,0,0,0,0,0,0,0,0,0,0,0,0,0,0,0,0,0,0,0,0,0,0,0,0,0,0,0,0,0,0,0,0,0,0,0,0,0,0,0,0,0,0,0,0,0,0,0,0,0,0,0,0,0,0,0,0,0,0,0,0,0,0,0
2022-03-09 05:00:00,0,0,0,0,3,0,0,1,0,0,0,1,0,2,0,1,2,3,2,5,6,7,7,8,7,9,7,6,5,6,7,5,3,3,3,0,4,4,1,3,2,0,2,0,1,0,0,0,1,2,1,0,0,0,2,0,0,0,1,2,4,0,0,0,5,0,3,4,0,0,0,0,0,0,0,0,0,0,0,0,0,0,0,0,0,0,0,0,0,0,0,0,0,0,0,0,0
2022-03-09 06:00:00,0,0,1,2,1,0,0,0,0,0,1,0,1,0,2,3,4,0,2,2,1,1,2,2,0,1,2,3,0,7,4,7,4,5,4,5,4,4,3,2,0,1,1,0,0,0,0,0,0,1,1,3,0,0,4,0,3,3,4,1,4,5,2,3,11,4,6,0,7,8,7,6,0,5,0,2,8,9,3,2,1,1,0,0,0,0,0,0,0,0,1,0,0,0,0,0,0
2022-03-09 07:00:00,0,0,0,0,1,0,0,0,0,0,1,0,2,1,3,1,0,4,5,0,0,6,2,0,0,0,1,0,5,5,6,8,4,2,6,2,2,7,10,8,6,5,7,3,6,3,6,4,1,1,0,0,0,0,0,1,0,0,3,2,2,5,6,2,3,4,5,8,4,5,6,5,2,0,4,3,3,2,0,2,0,2,0,3,2,0,1,0,0,0,1,0,0,2,0,0,0
2022-03-09 08:00:00,0,0,0,1,3,6,1,2,0,0,0,0,2,3,2,0,3,3,0,0,3,4,5,6,5,0,6,2,6,5,0,6,5,7,3,3,0,6,7,4,4,3,3,0,2,2,3,2,1,2,2,0,0,0,3,1,2,0,1,0,6,8,0,6,4,7,10,10,11,12,15,16,17,15,14,12,9,7,1,5,0,0,0,0,0,0,0,0,0,0,0,0,0,1,0,0,0
2022-03-09 09:00:00,0,0,0,1,3,5,3,2,1,0,1,0,1,3,7,7,0,0,0,7,1,6,1,0,5,5,3,4,3,4,0,5,0,3,4,8,5,7,8,5,5,6,7,0,6,5,3,2,1,2,2,2,1,0,5,2,4,2,2,2,3,6,6,5,4,6,8,9,10,8,11,9,7,8,6,4,2,1,1,0,3,2,0,0,1,0,0,0,0,0,1,0,1,0,0,0,0
2022-03-09 10:00:00,1,0,1,2,3,3,1,2,2,1,1,0,2,3,5,2,3,4,4,6,1,2,5,0,0,6,9,11,10,14,15,15,13,12,8,8,10,12,11,12,11,0,9,0,8,7,6,2,2,6,6,5,4,0,4,2,4,3,4,4,6,6,7,6,9,8,9,10,0,12,10,10,9,11,10,3,1,0,0,1,1,0,2,0,0,1,0,0,0,1,2,0,0,0,0,0,0
2022-03-09 11:00:00,0,0,1,2,4,4,4,1,2,2,3,2,3,4,10,11,12,11,13,8,8,5,6,8,9,8,7,0,6,7,8,9,6,7,8,10,9,10,9,6,10,7,9,7,0,0,6,3,0,5,7,2,6,1,3,8,7,0,7,6,6,9,9,0,6,7,13,14,14,11,13,11,14,14,13,10,8,7,6,7,8,3,7,5,4,1,2,1,0,1,1,0,0,0,0,0,0
2022-03-09 12:00:00,0,0,0,2,3,6,5,3,0,2,3,1,2,5,5,5,9,10,11,14,12,13,10,11,10,9,12,13,12,15,19,21,19,13,12,16,16,19,17,13,11,10,0,9,8,3,7,2,0,3,4,4,0,5,6,6,7,0,8,8,10,10,14,13,13,8,10,11,10,13,12,11,10,13,11,5,4,5,3,1,0,1,0,0,1,3,1,4,1,5,4,3,0,1,1,0,0
2022-03-09 13:00:00,0,0,0,4,5,7,0,6,2,0,1,0,1,3,8,8,9,0,7,5,9,10,8,0,9,8,9,10,6,12,12,15,11,8,13,16,15,17,22,20,16,15,13,12,8,7,10,5,2,10,11,5,4,8,10,8,7,5,6,4,10,14,10,11,19,17,17,14,12,11,14,13,10,11,10,10,10,8,3,6,7,3,1,1,2,2,1,0,0,0,0,0,0,0,0,0,0
2022-03-09 14:00:00,0,0,0,1,4,5,0,3,2,4,0,3,1,4,9,10,12,9,8,14,16,13,14,14,13,14,15,14,14,12,13,13,0,12,14,15,7,6,18,19,17,15,15,13,14,8,0,5,5,3,6,0,0,0,0,9,10,8,12,9,11,12,13,13,13,12,14,12,17,8,20,0,14,22,22,21,7,6,6,3,3,1,4,1,3,0,4,3,3,2,5,2,0,0,0,0,0
2022-03-09 15:00:00,1,0,4,4,3,0,3,3,2,0,0,1,0,4,6,4,3,4,3,9,10,9,10,11,10,8,10,7,5,11,12,0,9,12,14,12,19,15,14,9,12,8,11,3,4,12,9,3,2,12,12,15,3,14,0,14,12,13,13,10,11,12,0,11,7,0,9,10,8,10,0,0,8,13,12,8,11,0,12,9,7,8,6,6,1,1,0,2,2,3,4,3,2,0,0,0,0
2022-03-09 16:00:00,0,0,0,2,4,3,1,2,2,3,3,2,4,6,9,10,9,10,9,12,12,4,9,9,10,7,7,7,8,11,10,7,9,8,11,12,9,10,12,9,10,4,2,3,4,3,0,0,1,7,11,11,8,7,7,12,15,20,23,20,18,18,18,17,14,7,15,14,15,15,18,17,13,17,0,9,7,0,5,3,5,3,2,0,5,2,2,0,3,0,3,1,2,0,1,0,0
2022-03-09 17:00:00,0,0,2,1,4,7,6,0,6,5,4,3,2,1,6,8,13,0,10,13,0,15,17,19,17,9,14,13,11,10,9,9,7,16,14,13,11,12,8,7,6,5,1,1,0,2,0,0,1,10,15,16,19,0,17,13,12,11,6,12,13,11,11,7,18,14,16,14,13,18,10,20,18,19,21,20,16,14,12,11,7,6,2,1,6,4,3,2,4,0,3,1,1,0,0,0,0
2022-03-09 18:00:00,0,0,1,0,3,0,0,3,0,5,3,2,1,0,2,3,5,6,7,15,17,14,13,17,15,14,12,0,12,10,5,11,9,5,2,3,2,4,8,6,7,4,3,4,2,2,0,0,1,21,24,0,2,23,18,17,19,17,19,15,12,10,9,11,17,13,16,5,13,17,13,12,9,10,9,7,10,11,2,10,6,0,0,0,0,4,3,0,3,4,4,2,1,0,0,0,0
2022-03-09 19:00:00,0,0,0,1,0,4,3,1,3,2,1,0,0,3,2,1,4,5,3,6,7,9,10,11,9,7,7,8,10,9,11,8,9,10,11,10,9,8,7,6,4,7,5,6,7,8,8,3,0,11,14,13,12,0,11,9,11,10,12,9,11,10,0,7,6,6,6,8,7,3,16,15,11,10,11,11,13,11,12,17,8,5,1,6,1,2,5,0,6,4,1,1,0,0,0,0,0
2022-03-09 20:00:00,0,0,0,1,0,0,0,1,2,4,0,4,3,4,2,0,5,6,5,12,11,11,9,11,6,5,11,10,7,8,5,0,7,6,6,4,3,6,5,4,3,4,2,1,0,3,2,1,0,22,26,27,27,26,21,19,21,19,9,0,7,12,8,11,12,8,9,8,7,6,0,8,7,7,4,2,5,0,0,4,3,1,0,0,1,0,1,0,3,0,0,0,0,0,0,0,0
2022-03-09 21:00:00,0,0,1,0,0,0,0,1,0,0,0,0,1,0,2,4,9,10,6,17,16,16,17,16,17,15,11,10,11,6,8,7,5,4,4,0,2,2,2,3,0,4,2,1,2,1,1,0,0,3,6,0,7,4,8,7,8,9,18,18,15,14,13,15,14,11,4,3,1,2,2,3,0,4,6,0,9,4,8,7,3,2,2,0,0,0,2,0,0,3,0,2,1,0,0,0,0
2022-03-09 22:00:00,0,1,1,0,3,0,0,1,0,2,0,1,0,0,4,0,6,7,2,11,15,22,22,25,23,23,20,19,16,13,9,8,6,7,8,7,5,3,5,4,0,2,1,0,0,2,0,0,2,9,10,9,0,0,0,10,13,11,13,13,14,15,12,11,14,10,3,0,0,4,0,0,5,0,5,6,6,5,0,6,2,1,4,0,3,0,5,0,3,8,8,1,0,0,0,0,0
2022-03-09 23:00:00,0,0,0,0,0,0,0,0,0,3,0,0,0,0,2,3,4,0,0,6,8,9,0,0,0,10,11,10,9,10,9,8,2,7,7,5,4,2,0,2,0,0,2,0,0,0,0,0,0,9,0,8,10,11,12,11,10,11,13,11,9,8,8,5,16,10,9,5,7,5,2,0,0,6,5,0,4,3,0,1,0,0,0,0,1,0,0,0,0,0,0,0,0,0,0,0,0
2022-03-10 00:00:00,0,0,0,0,0,0,0,0,0,0,0,0,0,0,0,0,0,0,0,0,0,0,0,0,0,0,0,0,0,0,0,0,0,0,0,0,0,0,0,0,0,0,0,0,0,0,0,0,0,0,0,0,0,0,0,0,0,0,0,0,0,0,0,0,0,0,0,0,0,0,0,0,0,0,0,0,0,0,0,0,0,0,0,0,0,0,0,0,0,0,0,0,0,0,0,0,0
2022-03-10 01:00:00,0,0,0,0,0,0,0,0,0,0,0,0,0,0,0,0,0,0,0,0,0,0,0,0,0,0,0,0,0,0,0,0,0,0,0,0,0,0,0,0,0,0,0,0,0,0,0,0,0,0,0,0,0,0,0,0,0,0,0,0,0,0,0,0,0,0,0,0,0,0,0,0,0,0,0,0,0,0,0,0,0,0,0,0,0,0,0,0,0,0,0,0,0,0,0,0,0
2022-03-10 02:00:00,0,0,0,0,0,0,0,0,0,0,0,0,0,0,0,0,0,0,0,0,0,0,0,0,0,0,0,0,0,0,0,0,0,0,0,0,0,0,0,0,0,0,0,0,0,0,0,0,0,0,0,0,0,0,0,0,0,0,0,0,0,0,0,0,0,0,0,0,0,0,0,0,0,0,0,0,0,0,0,0,0,0,0,0,0,0,0,0,0,0,0,0,0,0,0,0,0
2022-03-10 03:00:00,0,0,0,0,0,0,0,0,0,0,0,0,0,0,0,0,0,0,0,0,0,0,0,0,0,0,0,0,0,0,0,0,0,0,0,0,0,0,0,0,0,0,0,0,0,0,0,0,0,0,0,0,0,0,0,0,0,0,0,0,0,0,0,0,0,0,0,0,0,0,0,0,0,0,0,0,0,0,0,0,0,0,0,0,0,0,0,0,0,0,0,0,0,0,0,0,0
2022-03-10 04:00:00,0,0,0,1,2,3,2,0,0,0,0,0,0,2,3,2,0,0,3,1,0,4,5,0,5,6,5,0,0,0,0,0,0,0,0,0,0,0,0,0,0,0,0,0,0,0,0,0,0,0,0,0,0,0,0,0,0,0,0,0,0,0,0,0,0,0,0,0,0,0,0,0,0,0,0,0,0,0,0,0,0,0,0,0,0,0,0,0,0,0,0,0,0,0,0,0,0
2022-03-10 05:00:00,4,0,0,1,5,2,0,1,1,1,0,2,0,3,4,3,5,3,5,5,3,6,5,4,4,3,2,0,4,6,5,8,6,4,3,2,3,6,5,4,5,2,4,3,3,2,1,0,0,1,1,0,0,2,3,2,0,0,0,0,2,0,0,3,2,1,1,2,1,2,0,0,0,0,0,0,0,0,0,0,0,0,0,0,0,0,0,0,0,0,0,0,0,0,0,0,0
2022-03-10 06:00:00,0,0,0,2,5,2,2,1,0,0,0,0,0,1,2,3,2,3,2,2,1,0,3,1,1,2,3,4,5,6,8,13,9,4,4,5,6,12,15,8,7,3,6,7,1,2,5,0,0,2,1,0,0,0,0,1,2,1,1,1,4,9,11,8,8,6,7,9,10,11,6,7,6,8,6,4,5,3,3,2,0,0,0,0,2,1,0,0,0,0,0,0,0,0,0,0,0
2022-03-10 07:00:00,0,0,0,3,3,9,10,6,7,10,5,7,6,7,11,10,7,8,8,9,8,9,6,7,7,2,6,2,5,9,19,26,17,12,12,13,16,22,24,16,14,14,19,18,15,14,10,2,0,5,3,3,4,4,1,3,4,5,3,1,19,31,44,31,15,18,25,29,28,33,30,32,33,31,29,31,31,29,27,28,28,19,6,5,5,7,6,4,3,5,12,10,9,3,0,0,0
2022-03-10 08:00:00,0,0,1,7,10,14,16,11,14,6,1,3,5,10,11,10,20,16,10,8,9,8,7,7,6,5,9,10,9,22,33,45,39,20,19,19,19,34,33,26,22,23,27,23,17,10,5,3,1,7,6,6,5,7,7,2,4,0,7,5,18,29,35,27,21,26,42,47,49,36,40,38,35,33,21,32,28,19,15,8,7,6,4,5,6,4,3,3,7,2,2,1,0,0,1,0,0
2022-03-10 09:00:00,0,0,0,3,5,6,4,4,3,1,2,0,1,3,4,4,4,5,7,8,3,9,10,14,13,14,13,11,10,10,14,17,17,13,13,14,16,19,20,17,15,13,13,12,11,7,5,3,0,4,3,0,4,1,6,4,3,0,8,7,7,12,12,11,9,12,17,19,24,24,27,26,25,26,25,21,17,13,11,9,7,5,3,4,3,3,2,1,4,0,0,0,0,0,0,0,0
2022-03-10 10:00:00,0,0,1,5,6,7,1,6,4,0,1,2,3,4,5,6,6,0,5,5,5,6,9,4,4,8,4,3,7,7,7,8,9,9,11,13,12,13,10,7,6,5,5,4,4,5,0,3,2,3,2,0,3,0,3,0,4,3,5,4,7,12,11,8,6,4,7,7,8,5,8,0,6,5,4,3,2,1,1,0,0,0,2,3,1,6,4,2,1,0,3,1,0,0,0,0,0
2022-03-10 11:00:00,1,0,0,0,3,2,4,3,5,3,4,3,3,5,8,8,16,17,16,11,15,16,15,17,14,12,12,9,11,8,5,7,0,6,8,9,7,12,16,12,11,5,6,0,2,5,3,2,0,3,5,3,2,0,4,2,2,5,6,0,6,7,0,7,10,9,14,15,14,12,0,13,12,8,6,4,4,3,4,3,5,4,3,6,3,4,5,2,2,1,1,0,0,0,0,0,0
2022-03-10 12:00:00,0,1,1,4,0,4,3,2,2,2,1,0,2,3,3,1,7,0,10,12,10,12,12,9,10,13,14,11,13,15,19,21,18,19,17,15,15,13,15,13,14,12,12,6,5,4,2,0,0,5,4,3,0,2,3,4,5,0,6,8,9,10,4,3,8,8,7,9,8,8,10,8,11,9,9,8,4,3,2,3,4,0,1,2,1,3,4,3,4,2,3,1,2,2,1,1,0
2022-03-10 13:00:00,0,0,2,0,1,3,2,2,1,3,0,2,3,4,6,11,10,9,10,11,11,10,10,12,10,10,10,10,11,11,7,13,11,14,14,13,10,9,9,6,5,5,11,3,12,8,0,4,3,5,10,9,9,7,7,9,11,13,18,16,10,11,13,13,11,8,12,13,14,12,12,0,11,14,13,12,8,10,0,9,9,8,5,2,3,2,1,1,2,1,0,1,0,0,0,0,0
2022-03-10 14:00:00,0,0,1,2,2,4,3,2,0,1,0,2,0,5,7,5,7,6,8,13,16,11,14,13,16,14,16,0,13,12,15,15,14,10,10,7,3,10,6,4,0,3,0,1,1,0,0,0,1,5,5,0,5,6,5,8,9,10,14,13,17,17,16,14,20,15,14,12,12,11,12,14,7,14,11,3,9,7,5,8,4,1,1,2,3,4,5,2,1,2,3,1,2,2,1,0,0
2022-03-10 15:00:00,0,0,2,0,3,4,5,4,3,3,5,4,4,8,11,13,13,6,15,15,14,27,24,25,21,20,20,16,15,13,16,18,14,14,14,16,15,13,12,8,9,7,10,8,7,7,5,2,2,6,7,9,8,5,0,6,8,8,13,11,15,16,19,16,19,15,12,10,9,7,9,8,6,14,20,23,21,1,18,11,8,4,3,4,1,1,0,2,3,5,3,2,2,1,0,1,0
2022-03-10 16:00:00,0,3,0,3,3,4,7,7,0,10,7,3,13,17,20,28,30,33,32,29,30,32,32,39,32,26,25,24,22,18,15,7,12,13,12,11,6,7,11,9,9,8,5,7,8,5,4,3,0,17,21,23,25,24,22,20,20,18,25,26,17,20,19,18,14,13,17,18,5,21,23,20,18,15,12,4,7,0,4,5,5,5,12,11,9,8,7,5,6,1,4,4,0,1,1,0,0
2022-03-10 17:00:00,1,0,0,4,5,2,4,5,4,3,2,2,8,9,10,14,17,19,19,20,19,20,17,17,20,18,20,9,16,15,13,12,8,20,22,20,13,11,9,8,7,8,7,6,5,3,0,2,0,6,8,2,4,0,6,5,8,9,14,15,20,21,22,21,29,23,20,19,18,13,15,14,14,19,18,9,9,8,8,5,5,5,6,7,7,8,8,5,3,2,2,1,1,0,1,0,0
2022-03-10 18:00:00,1,2,5,9,10,9,10,12,8,4,3,3,7,13,15,20,25,12,24,19,18,15,15,18,14,15,20,19,16,17,20,13,15,28,21,22,17,13,13,11,10,8,11,7,12,11,7,5,4,10,15,15,18,20,21,20,23,21,29,21,23,22,20,21,46,32,16,14,15,11,11,12,10,13,12,12,11,12,13,18,7,2,1,4,5,6,4,4,6,5,6,4,5,6,0,0,0
2022-03-10 19:00:00,0,0,0,2,2,2,3,6,5,2,3,0,2,3,5,5,8,9,10,11,10,10,10,14,12,11,10,9,10,11,11,6,11,18,17,16,9,10,9,8,3,4,5,5,5,6,4,2,2,8,12,13,13,13,13,16,16,16,23,19,15,14,15,14,31,26,12,9,7,6,7,6,5,6,4,6,10,11,10,13,6,2,2,1,1,3,2,1,0,0,1,0,1,1,0,0,0
2022-03-10 20:00:00,0,0,1,0,0,1,2,3,3,2,1,2,1,0,3,5,6,0,6,9,4,8,8,8,6,7,5,8,9,7,4,6,2,10,12,11,5,3,3,0,2,1,2,0,1,1,0,3,2,4,5,7,0,8,10,11,12,11,18,16,11,12,12,9,12,11,13,11,1,9,10,11,9,4,7,5,5,3,4,2,1,1,2,0,4,4,3,4,2,3,2,3,1,0,0,0,0
2022-03-10 21:00:00,0,1,1,2,1,0,2,1,0,3,2,1,3,0,5,6,6,8,6,10,9,3,8,10,11,9,9,8,6,5,4,3,0,5,7,4,3,3,1,0,0,0,3,3,4,1,3,2,0,7,2,0,9,10,9,8,11,8,15,12,6,4,4,5,16,10,6,5,4,4,4,3,4,5,4,6,7,6,4,8,5,3,1,1,2,0,3,0,2,3,2,1,0,0,0,0,0
2022-03-10 22:00:00,0,0,0,1,2,1,1,2,0,4,5,3,4,3,2,3,1,3,2,7,8,9,12,4,13,0,13,12,8,4,5,4,0,3,4,2,1,2,4,4,0,3,2,0,1,0,0,0,2,9,10,4,3,9,3,10,5,16,25,24,12,9,6,6,17,12,5,6,5,7,2,5,4,4,8,9,3,8,0,7,3,2,0,1,1,2,3,0,4,2,2,1,0,0,0,0,0
2022-03-10 23:00:00,0,0,0,0,0,0,0,0,0,2,0,3,4,6,4,3,4,0,0,3,4,4,0,3,0,3,5,4,7,0,3,3,1,4,5,3,3,3,4,5,2,0,1,1,0,0,3,1,0,4,4,2,6,4,3,4,9,0,12,13,4,4,5,3,16,7,4,2,2,1,3,4,5,6,5,6,8,7,0,5,3,0,1,0,0,2,0,0,2,1,1,0,0,0,0,0,0
2022-03-11 00:00:00,0,0,0,0,0,0,0,0,0,0,0,0,0,0,0,0,0,0,0,0,0,0,0,0,0,0,0,0,0,0,0,0,0,0,0,0,0,0,0,0,0,0,0,0,0,0,0,0,0,0,0,0,0,0,0,0,0,0,0,0,0,0,0,0,0,0,0,0,0,0,0,0,0,0,0,0,0,0,0,0,0,0,0,0,0,0,0,0,0,0,0,0,0,0,0,0,0
2022-03-11 01:00:00,0,0,0,0,0,0,0,0,0,0,0,0,0,0,0,0,0,0,0,0,0,0,0,0,0,0,0,0,0,0,0,0,0,0,0,0,0,0,0,0,0,0,0,0,0,0,0,0,0,0,0,0,0,0,0,0,0,0,0,0,0,0,0,0,0,0,0,0,0,0,0,0,0,0,0,0,0,0,0,0,0,0,0,0,0,0,0,0,0,0,0,0,0,0,0,0,0
2022-03-11 02:00:00,0,0,0,0,0,0,0,0,0,0,0,0,0,0,0,0,0,0,0,0,0,0,0,0,0,0,0,0,0,0,0,0,0,0,0,0,0,0,0,0,0,0,0,0,0,0,0,0,0,0,0,0,0,0,0,0,0,0,0,0,0,0,0,0,0,0,0,0,0,0,0,0,0,0,0,0,0,0,0,0,0,0,0,0,0,0,0,0,0,0,0,0,0,0,0,0,0
2022-03-11 03:00:00,0,0,0,0,0,0,0,0,0,0,0,0,0,0,0,0,0,0,0,0,0,0,0,0,0,0,0,0,0,0,0,0,0,0,0,0,0,0,0,0,0,0,0,0,0,0,0,0,0,0,0,0,0,0,0,0,0,0,0,0,0,0,0,0,0,0,0,0,0,0,0,0,0,0,0,0,0,0,0,0,0,0,0,0,0,0,0,0,0,0,0,0,0,0,0,0,0
2022-03-11 04:00:00,0,0,0,1,2,3,2,0,1,0,2,0,1,3,5,5,0,6,6,5,7,7,8,0,6,7,5,0,0,0,0,0,4,3,0,0,0,0,0,0,0,0,0,0,0,0,0,0,0,0,0,0,0,0,0,0,0,0,0,0,0,0,0,0,0,0,0,0,0,0,0,0,0,0,0,0,0,0,0,0,0,0,0,0,0,0,0,0,0,0,0,0,0,0,0,0,0
2022-03-11 05:00:00,0,0,0,1,4,5,4,1,0,1,0,3,0,4,5,6,4,3,8,7,3,5,7,8,8,7,6,0,7,8,9,9,8,7,8,5,7,3,7,5,2,4,3,1,0,1,0,0,1,0,1,0,1,0,2,0,0,0,3,0,1,4,5,3,2,3,0,0,0,4,0,0,0,0,0,0,0,0,0,0,0,0,0,0,0,0,0,0,0,0,0,0,0,0,0,0,0
2022-03-11 06:00:00,0,0,1,3,5,0,1,0,1,0,0,0,0,3,4,1,2,0,0,1,0,0,0,2,0,1,3,4,4,6,9,9,8,6,7,6,6,9,8,7,6,5,1,0,0,4,4,3,0,1,2,3,1,0,2,1,2,0,2,1,4,6,7,7,7,3,9,4,3,9,8,3,7,2,8,6,5,4,0,2,3,1,0,2,0,1,0,0,1,0,0,0,0,0,0,0,0
2022-03-11 07:00:00,0,0,0,1,4,6,8,7,7,7,4,6,4,4,8,8,4,9,11,5,8,7,5,6,7,7,4,3,5,14,23,29,26,13,15,16,20,31,31,21,19,16,5,12,12,12,11,2,0,5,5,4,2,1,3,0,2,1,2,3,21,31,38,38,10,8,16,20,22,22,22,21,20,22,19,23,27,26,24,27,26,23,4,4,6,5,6,5,3,2,3,4,2,2,1,0,0
2022-03-11 08:00:00,0,0,0,4,6,8,7,4,2,5,1,1,2,5,11,12,13,12,11,11,10,11,8,11,2,8,7,8,8,17,21,24,22,17,13,18,24,35,34,19,18,17,15,16,14,8,9,4,1,7,7,5,4,3,5,6,6,6,6,8,10,18,21,19,14,21,29,29,27,22,26,28,27,28,31,28,23,19,16,12,9,8,5,5,4,3,3,3,6,5,2,3,4,2,1,0,0
2022-03-11 09:00:00,0,0,0,1,5,6,7,5,2,3,1,2,3,5,7,7,10,6,7,6,5,6,7,9,0,8,8,9,10,11,13,13,13,18,16,15,16,17,18,18,15,8,7,6,4,9,7,1,1,3,3,2,1,0,3,2,2,3,7,4,7,17,6,14,6,9,18,20,21,21,21,19,17,16,17,13,9,5,5,3,2,3,4,4,3,4,2,3,3,1,3,4,2,1,0,0,0
2022-03-11 10:00:00,0,0,0,0,1,2,0,0,1,0,1,1,0,5,7,8,11,15,14,12,7,11,11,14,12,13,11,4,5,7,8,9,7,3,11,11,11,14,12,9,9,13,11,10,9,8,7,4,0,5,4,3,2,0,1,3,4,2,7,4,5,7,9,7,9,8,10,12,12,12,9,11,7,10,10,7,6,6,5,2,3,1,2,2,1,0,1,0,1,1,1,0,1,0,0,0,0
2022-03-11 11:00:00,0,0,1,2,3,5,7,4,2,2,3,3,5,7,8,8,7,6,5,4,10,11,11,14,7,13,12,7,7,7,9,7,0,8,7,3,7,9,10,5,4,1,5,6,6,0,5,0,0,2,0,0,0,0,0,2,0,0,5,5,5,6,6,6,10,9,14,7,15,12,8,9,10,8,7,7,5,2,3,0,1,1,0,0,1,3,0,0,1,0,2,0,1,0,0,0,0
2022-03-11 12:00:00,0,0,0,1,2,3,3,2,2,3,0,2,3,5,4,6,4,5,10,8,8,9,10,11,10,11,12,7,11,10,16,17,17,16,16,20,20,19,21,21,17,14,12,11,10,8,0,2,0,4,8,0,9,9,14,13,4,3,10,10,14,19,0,17,5,5,13,14,17,11,13,14,15,17,18,19,12,11,7,9,6,5,6,6,6,3,5,6,2,1,5,2,1,4,0,0,0
2022-03-11 13:00:00,4,0,6,1,7,10,0,7,6,3,0,2,3,4,8,9,12,15,12,15,17,17,14,20,19,17,18,18,17,16,14,15,17,12,9,9,10,15,9,10,7,6,7,5,0,2,6,0,1,2,3,0,4,3,2,0,2,3,6,0,8,9,11,10,17,17,20,20,20,14,20,19,18,13,14,10,10,9,8,7,7,6,4,1,2,2,0,1,0,0,0,0,0,1,0,0,0
2022-03-11 14:00:00,0,0,0,0,2,0,4,5,2,1,3,4,8,12,13,15,17,18,19,14,14,16,17,18,18,19,17,14,13,15,15,15,13,19,22,19,19,20,17,16,13,14,12,11,0,11,9,7,3,8,9,8,8,6,0,9,8,8,8,6,11,16,17,15,13,0,12,13,13,10,8,11,12,13,11,5,8,5,7,6,6,5,5,5,6,5,3,2,5,4,4,3,2,0,1,0,0
2022-03-11 15:00:00,0,1,2,1,3,3,3,4,5,3,4,4,5,10,12,15,16,17,17,24,27,40,38,44,43,33,29,25,20,16,8,10,9,8,13,14,11,8,11,12,11,9,13,14,11,12,11,6,2,6,10,0,12,11,10,8,8,8,14,13,16,17,13,14,25,20,15,14,10,11,12,11,9,11,16,19,20,19,8,8,4,2,4,6,4,4,1,1,2,1,2,0,0,0,1,1,0
2022-03-11 16:00:00,0,3,4,4,5,6,4,3,2,1,2,0,18,23,26,25,27,27,28,35,36,37,37,37,34,34,29,25,25,14,17,20,17,21,20,19,14,12,11,7,5,10,8,6,4,5,1,2,2,6,8,0,5,4,7,8,9,10,11,8,8,9,17,11,19,16,12,12,12,11,13,15,13,16,17,16,10,8,7,13,7,6,8,8,4,6,0,2,3,3,2,0,0,0,0,0,0
2022-03-11 17:00:00,1,1,3,5,8,9,8,7,4,3,7,6,8,7,11,10,14,20,20,21,21,24,24,23,22,20,18,19,15,17,15,16,6,19,18,17,17,10,9,11,9,4,7,6,0,0,5,1,3,8,11,12,14,16,17,15,13,19,29,22,20,16,17,18,15,12,20,18,17,15,17,16,15,15,11,8,9,6,5,5,8,7,7,8,7,8,7,3,5,0,3,2,1,0,0,0,0
2022-03-11 18:00:00,3,1,6,6,7,6,10,12,10,8,4,6,11,10,12,17,21,24,26,24,27,24,22,21,21,20,20,19,21,17,15,14,15,24,21,16,13,14,13,10,12,8,4,3,2,0,1,2,3,44,48,50,51,48,47,45,50,49,61,51,40,33,32,33,24,19,17,15,15,18,21,20,14,17,16,13,9,7,5,3,2,3,4,3,4,3,3,1,4,3,4,3,2,2,1,1,0
2022-03-11 19:00:00,0,0,1,4,0,5,3,3,4,2,4,2,3,3,5,5,10,9,10,12,14,18,16,18,20,19,24,23,17,12,14,14,13,27,26,21,14,12,11,7,5,0,3,0,0,2,2,1,1,13,14,15,13,13,10,10,14,12,15,14,14,14,13,32,54,33,17,10,10,9,11,0,7,11,4,7,13,0,12,11,5,2,3,1,2,4,1,0,9,8,6,1,0,0,0,0,0
2022-03-11 20:00:00,0,0,2,3,4,2,3,4,4,5,4,6,2,4,5,6,9,10,9,16,18,21,22,24,23,21,16,14,15,10,7,7,9,11,10,8,5,1,2,0,1,2,3,0,0,0,0,0,1,10,10,6,9,8,8,9,12,13,16,13,15,9,10,12,11,9,8,0,9,3,10,9,6,10,9,5,11,8,7,11,8,1,0,1,1,1,2,2,2,2,1,1,2,1,0,0,0
2022-03-11 21:00:00,0,0,0,1,0,0,0,1,2,2,0,2,3,0,1,4,4,2,0,8,7,4,7,9,9,5,7,6,7,9,8,4,6,13,14,11,4,3,3,3,0,5,0,2,0,0,0,1,1,16,20,21,22,22,20,18,20,14,15,12,11,8,9,8,16,14,5,5,3,7,3,1,6,6,5,1,6,4,4,11,7,1,0,2,2,0,0,1,1,2,2,1,0,0,0,0,0
2022-03-11 22:00:00,1,1,1,0,0,0,0,0,0,4,6,5,1,4,1,2,4,3,4,7,11,12,11,14,12,13,14,7,12,8,5,4,7,11,8,6,2,5,4,5,3,4,6,5,3,5,2,1,0,4,9,5,7,11,0,11,10,22,27,25,21,19,18,17,19,13,10,9,8,4,3,2,3,3,5,6,8,7,6,6,3,2,2,0,1,1,3,2,3,3,1,0,0,0,0,0,0
2022-03-11 23:00:00,0,0,0,0,0,0,0,0,0,2,0,0,0,0,1,0,5,0,3,11,13,15,15,19,18,17,17,18,16,17,14,11,10,8,7,4,3,4,3,1,0,0,1,0,0,2,1,0,2,6,3,8,5,9,10,4,12,0,16,14,9,11,8,10,18,12,7,7,6,4,5,5,4,5,3,3,8,8,6,4,4,3,2,1,0,3,0,0,3,0,0,2,0,0,0,0,0
2022-03-12 00:00:00,0,0,0,0,0,0,0,0,0,0,0,0,0,0,0,0,0,0,0,0,0,0,0,0,0,0,0,0,0,0,0,0,0,0,0,0,0,0,0,0,0,0,0,0,0,0,0,0,0,0,0,0,0,0,0,0,0,0,0,0,0,0,0,0,0,0,0,0,0,0,0,0,0,0,0,0,0,0,0,0,0,0,0,0,0,0,0,0,0,0,0,0,0,0,0,0,0
2022-03-12 01:00:00,0,0,0,0,0,0,0,0,0,0,0,0,0,0,0,0,0,0,0,0,0,0,0,0,0,0,0,0,0,0,0,0,0,0,0,0,0,0,0,0,0,0,0,0,0,0,0,0,0,0,0,0,0,0,0,0,0,0,0,0,0,0,0,0,0,0,0,0,0,0,0,0,0,0,0,0,0,0,0,0,0,0,0,0,0,0,0,0,0,0,0,0,0,0,0,0,0
2022-03-12 02:00:00,0,0,0,0,0,0,0,0,0,0,0,0,0,0,0,0,0,0,0,0,0,0,0,0,0,0,0,0,0,0,0,0,0,0,0,0,0,0,0,0,0,0,0,0,0,0,0,0,0,0,0,0,0,0,0,0,0,0,0,0,0,0,0,0,0,0,0,0,0,0,0,0,0,0,0,0,0,0,0,0,0,0,0,0,0,0,0,0,0,0,0,0,0,0,0,0,0
2022-03-12 03:00:00,0,0,0,0,0,0,0,0,0,0,0,0,0,0,0,0,0,0,0,0,0,0,0,0,0,0,0,0,0,0,0,0,0,0,0,0,0,0,0,0,0,0,0,0,0,0,0,0,0,0,0,0,0,0,0,0,0,0,0,0,0,0,0,0,0,0,0,0,0,0,0,0,0,0,0,0,0,0,0,0,0,0,0,0,0,0,0,0,0,0,0,0,0,0,0,0,0
2022-03-12 04:00:00,0,0,0,1,0,1,0,0,0,0,2,0,1,3,5,2,6,0,5,0,6,5,6,0,6,7,4,5,4,0,0,0,5,4,3,0,0,0,0,0,0,0,0,0,0,0,0,0,0,0,0,0,0,0,0,0,0,0,0,0,0,0,0,0,0,0,0,0,0,0,0,0,0,0,0,0,0,0,0,0,0,0,0,0,0,0,0,0,0,0,0,0,0,0,0,0,0
2022-03-12 05:00:00,0,0,0,1,0,0,1,0,0,0,0,1,0,0,1,0,2,0,3,8,7,6,7,10,6,9,7,4,9,11,4,10,9,5,4,4,6,7,5,3,5,2,3,2,1,0,1,0,0,0,1,1,0,0,2,1,1,0,0,0,0,2,0,0,0,0,1,0,0,0,0,0,0,0,0,0,0,0,0,0,0,0,0,0,0,0,0,0,0,0,0,0,0,0,0,0,0
2022-03-12 06:00:00,0,0,0,0,0,0,0,0,0,0,0,0,0,1,0,3,1,0,2,3,1,2,2,2,0,3,2,3,0,7,6,3,2,4,1,3,0,4,6,6,5,4,2,0,0,1,0,0,0,2,2,0,0,0,1,0,0,0,0,0,3,8,9,7,3,3,3,5,5,9,7,5,0,5,5,4,3,3,0,2,1,0,1,0,0,0,0,0,0,1,0,0,0,1,0,0,0
2022-03-12 07:00:00,0,0,0,0,0,1,0,0,0,1,2,1,1,0,2,3,3,0,0,0,3,0,4,4,5,4,5,6,4,7,9,12,10,8,3,7,6,8,11,4,3,2,0,0,0,0,1,0,0,0,1,1,1,0,0,2,1,2,1,2,8,11,13,10,5,10,13,14,15,13,14,10,11,0,2,1,0,0,0,0,0,1,3,0,0,1,0,0,0,2,0,1,0,0,0,0,0
2022-03-12 08:00:00,1,0,0,1,2,2,3,0,0,0,0,0,0,3,6,7,1,6,6,5,3,3,1,3,5,3,0,5,7,13,16,19,0,13,8,15,9,15,14,11,10,10,10,5,3,8,5,2,0,1,2,0,2,0,0,0,1,1,2,0,9,12,15,12,7,7,8,8,9,8,6,7,8,8,9,5,7,5,4,2,1,0,0,1,3,2,4,3,0,2,0,1,1,1,0,0,0
2022-03-12 09:00:00,0,0,1,3,4,3,4,2,0,1,0,1,0,6,9,7,6,5,6,6,9,5,5,4,5,0,0,6,8,15,18,21,20,15,16,18,18,23,12,10,11,7,7,6,5,0,6,3,1,0,4,0,0,5,4,3,2,0,4,0,4,9,13,11,6,8,11,15,12,17,17,16,12,12,11,9,8,7,5,6,4,1,2,1,6,6,0,2,0,0,0,0,0,0,0,0,0
2022-03-12 10:00:00,0,0,0,0,0,3,3,1,0,2,2,1,0,0,8,7,6,0,7,1,3,5,6,7,8,8,4,7,7,9,8,9,5,6,7,10,10,13,19,15,12,12,17,17,16,13,14,7,6,1,2,3,2,2,4,5,4,2,2,1,9,12,14,16,13,4,12,13,11,12,14,12,10,9,5,4,4,0,1,1,1,0,0,1,2,1,2,2,1,2,2,3,0,0,1,0,0
2022-03-12 11:00:00,0,0,0,3,8,8,9,7,3,2,0,0,2,3,4,4,4,0,5,8,8,7,6,6,0,7,12,11,8,9,16,18,17,10,9,8,9,13,12,11,10,10,8,2,7,6,3,2,0,2,0,1,3,0,3,2,2,1,4,3,11,12,10,4,10,9,12,12,13,9,12,13,11,12,13,9,7,8,0,3,3,0,3,4,2,2,0,0,0,0,1,0,0,0,0,0,0
2022-03-12 12:00:00,0,0,1,0,0,0,2,0,2,1,0,1,3,4,11,10,10,0,8,6,8,7,8,9,10,11,6,0,9,12,16,16,13,9,7,8,4,7,11,8,6,8,9,9,7,7,6,1,1,4,4,0,3,4,6,4,4,0,5,5,7,8,7,7,9,8,10,11,13,10,9,6,11,12,14,12,12,11,0,4,4,2,3,2,3,4,2,3,6,5,3,2,1,1,0,0,0
2022-03-12 13:00:00,0,0,0,1,3,4,3,1,1,4,1,7,6,7,12,11,14,10,13,10,10,13,14,19,19,15,16,12,16,18,20,22,17,11,15,17,15,19,19,16,17,15,13,11,0,11,10,7,6,7,8,7,9,8,9,9,10,5,13,12,13,12,11,12,11,11,12,14,0,10,11,10,9,10,9,8,9,4,0,7,4,0,3,4,3,4,3,2,2,1,1,0,0,0,0,0,0
2022-03-12 14:00:00,0,0,0,1,4,5,4,3,2,3,5,0,7,7,5,4,4,0,4,10,11,9,8,9,10,11,13,0,11,12,12,13,11,15,22,22,22,24,18,10,17,11,15,14,13,11,0,6,4,7,12,11,13,15,13,10,9,8,10,11,10,10,13,12,13,11,15,13,15,14,16,14,17,17,14,8,6,4,5,3,2,2,3,1,2,1,3,0,5,3,1,0,1,0,0,0,0
2022-03-12 15:00:00,0,1,1,2,4,5,3,2,1,0,0,2,3,5,3,3,12,13,14,17,10,11,12,13,12,10,12,14,13,16,17,16,14,8,7,8,9,13,14,11,9,8,1,0,9,8,7,2,6,4,7,0,6,7,6,6,8,11,13,15,17,19,19,18,15,14,11,10,9,10,8,11,11,15,8,14,6,5,0,4,2,4,3,5,0,4,2,0,3,3,3,0,1,4,0,0,0
2022-03-12 16:00:00,0,1,0,0,3,0,2,3,0,2,4,3,4,5,3,0,2,3,0,14,19,22,21,21,20,21,20,17,16,22,23,20,17,15,20,20,16,20,22,18,15,15,15,14,14,16,17,7,5,11,15,0,0,14,13,11,16,16,16,12,16,16,16,16,21,18,10,10,11,14,15,16,3,16,15,9,19,20,17,13,9,8,7,1,2,0,1,1,2,0,1,0,0,0,0,0,0
2022-03-12 17:00:00,0,0,0,3,7,8,5,4,2,1,0,0,2,0,7,0,4,0,9,10,11,12,16,18,17,15,15,15,13,9,9,6,5,7,12,10,9,12,15,19,19,19,24,18,16,15,13,10,1,19,22,23,7,22,25,27,28,28,30,25,23,21,22,20,24,15,11,12,12,11,11,9,9,9,12,11,9,8,6,4,0,2,0,0,0,3,2,0,7,4,3,0,2,1,0,0,0
2022-03-12 18:00:00,1,0,0,2,3,4,4,5,3,2,1,0,0,2,8,9,6,8,9,8,8,8,9,11,0,10,9,8,7,7,7,0,6,7,8,7,6,5,7,3,7,6,4,3,2,3,1,2,6,19,20,20,20,6,21,4,22,23,23,19,17,15,14,13,23,17,6,6,8,6,10,7,9,13,10,8,5,0,3,6,6,5,4,2,3,5,6,5,4,2,1,0,0,0,0,0,0
2022-03-12 19:00:00,0,0,0,1,0,0,0,0,1,1,0,0,0,2,4,0,4,2,4,3,4,2,5,3,4,5,5,6,5,6,9,9,0,5,9,8,6,7,6,5,4,1,2,0,0,1,0,0,1,7,0,0,0,6,0,0,0,0,5,4,4,0,0,4,7,15,6,2,6,5,6,4,7,6,5,3,4,2,0,0,0,2,1,2,0,2,1,0,1,0,0,0,0,0,0,0,0
2022-03-12 20:00:00,0,0,2,3,2,4,5,2,0,1,0,0,1,0,2,3,11,11,13,11,14,14,15,16,15,12,13,11,10,9,5,10,9,13,10,9,3,3,4,3,2,1,2,0,0,0,0,0,0,22,9,0,11,0,24,24,10,13,12,8,10,7,8,8,13,11,13,14,13,9,10,1,9,3,6,0,8,0,8,4,1,0,0,0,1,3,0,2,2,0,0,1,0,0,0,0,0
2022-03-12 21:00:00,0,0,0,0,0,0,1,0,0,1,2,3,0,3,2,2,5,0,4,7,8,10,11,11,4,2,12,10,0,7,4,3,0,11,13,11,7,5,4,5,1,3,2,2,4,3,1,3,1,6,7,6,8,6,0,22,24,22,26,24,13,8,8,4,14,12,5,4,4,8,9,11,8,8,9,6,4,0,0,7,4,1,0,0,0,1,0,1,3,0,5,4,3,0,0,0,0
2022-03-12 22:00:00,0,0,0,0,0,1,0,1,1,0,2,2,0,0,0,2,0,0,1,3,6,6,5,10,0,10,14,3,11,9,11,9,6,8,2,7,5,2,1,0,0,0,0,0,0,0,0,0,1,12,16,17,19,9,18,13,14,10,12,8,10,8,6,7,9,9,7,5,0,4,3,3,2,0,4,5,6,6,5,5,3,1,0,0,0,0,0,0,1,0,1,0,0,0,0,0,0
2022-03-12 23:00:00,0,0,0,0,0,0,0,0,0,0,1,0,0,0,3,0,0,0,0,5,6,0,0,8,0,5,7,7,8,7,6,3,5,5,8,6,4,0,1,0,0,2,1,2,0,1,0,0,0,8,1,10,0,12,11,0,9,0,14,12,10,11,1,9,20,14,9,8,4,5,3,4,5,7,6,5,5,4,5,8,5,3,1,1,2,0,0,0,3,0,2,0,0,0,0,0,0
2022-03-13 00:00:00,0,0,0,0,0,0,0,0,0,0,0,0,0,0,0,0,0,0,0,0,0,0,0,0,0,0,0,0,0,0,0,0,0,0,0,0,0,0,0,0,0,0,0,0,0,0,0,0,0,0,0,0,0,0,0,0,0,0,0,0,0,0,0,0,0,0,0,0,0,0,0,0,0,0,0,0,0,0,0,0,0,0,0,0,0,0,0,0,0,0,0,0,0,0,0,0,0
2022-03-13 01:00:00,0,0,0,0,0,0,0,0,0,0,0,0,0,0,0,0,0,0,0,0,0,0,0,0,0,0,0,0,0,0,0,0,0,0,0,0,0,0,0,0,0,0,0,0,0,0,0,0,0,0,0,0,0,0,0,0,0,0,0,0,0,0,0,0,0,0,0,0,0,0,0,0,0,0,0,0,0,0,0,0,0,0,0,0,0,0,0,0,0,0,0,0,0,0,0,0,0
2022-03-13 02:00:00,0,0,0,0,0,0,0,0,0,0,0,0,0,0,0,0,0,0,0,0,0,0,0,0,0,0,0,0,0,0,0,0,0,0,0,0,0,0,0,0,0,0,0,0,0,0,0,0,0,0,0,0,0,0,0,0,0,0,0,0,0,0,0,0,0,0,0,0,0,0,0,0,0,0,0,0,0,0,0,0,0,0,0,0,0,0,0,0,0,0,0,0,0,0,0,0,0
2022-03-13 03:00:00,0,0,0,0,0,0,0,0,0,0,0,0,0,0,0,0,0,0,0,0,0,0,0,0,0,0,0,0,0,0,0,0,0,0,0,0,0,0,0,0,0,0,0,0,0,0,0,0,0,0,0,0,0,0,0,0,0,0,0,0,0,0,0,0,0,0,0,0,0,0,0,0,0,0,0,0,0,0,0,0,0,0,0,0,0,0,0,0,0,0,0,0,0,0,0,0,0
2022-03-13 04:00:00,0,0,0,0,1,0,0,0,0,0,1,0,0,0,0,1,1,0,0,0,0,0,0,0,0,0,0,0,0,1,0,0,0,0,0,0,2,0,0,0,0,0,0,0,0,0,0,0,0,0,0,0,0,0,0,0,0,0,0,0,0,0,0,0,0,0,0,0,0,0,0,0,0,0,0,0,0,0,0,0,0,0,0,0,0,0,0,0,0,0,0,0,0,0,0,0,0
2022-03-13 05:00:00,0,0,0,1,3,0,0,1,0,0,0,0,1,1,3,0,4,3,4,5,0,4,0,0,0,0,3,2,3,4,6,3,3,2,0,0,3,2,0,1,0,0,2,0,1,2,0,0,1,1,3,1,0,2,0,0,0,0,0,0,0,0,0,0,0,0,0,0,0,0,1,0,0,0,0,0,0,0,0,0,0,0,0,0,0,0,0,0,0,0,0,0,0,0,0,0,0
2022-03-13 06:00:00,0,0,0,1,1,2,0,0,0,0,0,0,0,1,2,1,0,0,0,1,2,0,0,2,0,1,2,0,0,3,4,5,3,2,2,3,0,5,4,3,3,1,3,3,2,2,0,0,0,0,1,0,0,1,0,2,1,1,3,0,2,4,5,0,2,1,3,2,0,1,0,0,0,0,0,0,0,0,0,0,0,0,0,0,0,0,0,0,0,0,0,0,0,1,0,0,0
2022-03-13 07:00:00,0,0,0,0,2,0,1,0,0,0,0,1,1,2,2,1,3,0,3,0,4,0,0,3,0,4,4,0,1,2,3,3,2,2,3,2,1,2,2,1,0,0,1,0,0,0,0,0,0,1,0,0,0,0,0,0,0,0,0,0,2,3,4,0,2,5,5,6,4,5,4,3,1,0,4,0,3,0,2,0,0,0,0,1,2,0,0,0,0,1,0,0,0,1,0,0,0
2022-03-13 08:00:00,0,0,0,2,3,4,3,2,3,1,0,0,0,3,4,0,0,4,4,6,5,7,4,8,6,7,5,7,4,6,4,7,6,5,8,6,7,10,8,7,6,3,3,2,1,2,0,0,1,0,0,0,1,0,0,0,1,0,1,1,5,6,7,7,5,6,5,6,8,8,9,0,10,9,9,0,10,10,2,9,4,3,2,1,0,1,0,0,0,0,1,0,1,0,0,0,0
2022-03-13 09:00:00,0,0,0,0,2,3,0,1,0,0,1,0,1,0,9,3,3,4,3,1,2,4,5,6,0,2,4,3,3,4,5,8,0,9,5,5,8,9,12,11,6,0,10,0,0,5,0,4,2,2,3,2,0,2,2,1,0,0,2,0,2,4,0,0,3,6,8,9,10,9,8,9,6,6,8,4,4,2,0,0,1,0,0,0,1,0,0,0,0,0,0,0,0,0,0,0,0
2022-03-13 10:00:00,0,0,0,0,5,0,6,5,3,1,2,0,0,3,4,0,11,0,8,7,6,9,8,0,8,7,0,6,6,6,9,10,3,11,11,11,13,16,14,12,10,8,9,4,8,7,6,7,2,3,1,4,0,0,0,0,0,0,0,0,4,8,11,11,7,6,6,5,6,4,4,0,5,2,1,3,0,0,0,0,0,1,0,0,1,0,1,0,2,0,1,0,1,1,0,0,0
2022-03-13 11:00:00,0,0,0,1,2,0,4,1,0,0,1,2,3,4,3,3,0,0,4,2,5,3,2,0,7,8,4,10,9,6,6,0,2,8,11,12,3,13,14,11,10,0,8,5,8,6,6,5,2,5,6,0,3,5,4,4,3,5,8,7,8,11,3,3,3,4,3,4,4,3,0,1,1,2,3,0,2,1,1,0,2,1,0,0,1,0,0,0,1,0,0,0,0,0,0,0,0
2022-03-13 12:00:00,0,0,0,3,1,4,4,3,2,2,0,0,3,0,5,3,6,6,2,4,2,3,4,3,3,2,4,2,5,9,3,10,10,10,12,11,8,7,14,11,5,7,8,3,10,8,7,3,2,5,7,8,9,0,3,4,5,6,7,1,5,7,10,10,5,7,10,4,5,9,9,12,9,7,2,6,2,1,0,2,0,0,2,0,0,1,2,0,0,0,3,2,1,1,0,0,0
2022-03-13 13:00:00,0,0,0,1,2,4,3,1,0,1,0,0,5,9,8,9,7,0,6,7,8,7,8,7,5,6,6,2,6,11,11,13,13,9,13,10,7,11,12,9,10,9,9,4,3,9,8,2,1,3,4,0,4,9,9,9,12,11,10,8,7,8,4,7,10,11,5,2,6,6,8,7,9,1,8,6,4,3,1,2,0,0,1,0,3,1,1,0,1,0,1,0,0,0,0,0,0
2022-03-13 14:00:00,0,0,0,2,1,4,0,0,0,0,0,0,1,8,10,10,10,3,9,7,9,9,9,3,0,10,0,3,9,8,5,9,8,12,10,6,10,12,10,8,7,7,7,0,8,0,9,7,2,6,13,5,14,7,0,6,4,4,5,3,7,9,14,13,11,12,13,13,11,10,0,0,10,11,5,6,5,4,3,1,0,1,0,0,0,1,0,0,3,2,0,1,0,0,0,0,0
2022-03-13 15:00:00,0,1,0,5,8,11,1,0,0,0,0,2,0,1,5,2,6,0,5,13,13,15,15,20,5,17,13,7,12,5,4,7,3,7,0,9,8,9,8,7,8,5,6,8,7,5,4,3,2,5,6,6,0,16,11,13,14,15,16,15,13,11,6,0,10,10,9,10,9,8,10,8,9,10,11,9,7,5,4,6,3,3,2,0,2,1,0,1,2,0,0,0,1,0,0,0,0
2022-03-13 16:00:00,0,0,0,1,5,6,4,2,8,0,0,4,1,1,2,0,8,9,14,12,13,15,13,14,12,12,10,7,10,11,12,12,11,9,10,11,10,11,15,14,13,10,9,9,0,10,8,3,1,15,17,4,5,18,17,21,24,9,7,6,7,7,9,9,9,4,6,5,6,6,7,7,8,9,6,5,4,3,4,3,2,1,2,0,0,1,0,0,0,0,0,1,0,0,0,0,0
2022-03-13 17:00:00,0,0,0,0,1,3,6,7,5,5,0,0,1,1,7,5,7,8,5,16,0,20,17,15,14,12,11,0,9,13,12,12,2,8,14,12,7,8,7,6,4,7,8,3,7,4,3,4,3,20,23,0,10,0,5,11,25,25,22,22,16,16,14,13,19,17,13,13,11,7,8,10,9,7,13,14,4,0,0,2,0,0,3,0,0,2,2,3,4,0,2,1,0,0,0,0,0
2022-03-13 18:00:00,0,0,1,0,2,0,3,2,0,3,0,0,0,4,3,4,5,6,4,10,4,4,3,6,2,9,8,9,5,8,0,7,6,9,9,9,8,6,10,4,6,5,12,11,12,3,9,2,5,32,34,34,32,32,32,29,31,32,31,28,26,23,24,22,18,11,7,6,6,5,7,6,6,5,6,2,4,3,1,1,3,2,0,1,2,4,0,3,1,0,3,1,0,0,0,0,0
2022-03-13 19:00:00,0,0,1,2,3,0,0,2,1,2,0,0,1,0,0,2,3,0,1,6,4,0,7,6,5,0,4,0,3,2,0,3,2,4,7,5,4,2,2,1,1,0,0,2,0,0,0,0,1,12,13,11,14,15,13,7,13,14,16,14,13,14,12,11,12,11,3,0,0,4,3,3,4,3,3,0,2,0,1,1,0,2,4,3,0,1,0,0,1,0,0,0,0,1,0,0,0
2022-03-13 20:00:00,0,0,0,1,1,0,1,0,0,1,0,1,1,0,2,3,6,0,5,16,19,18,0,0,8,7,6,0,5,4,3,3,0,7,0,5,6,6,5,4,0,1,3,0,0,0,2,1,1,17,16,0,15,0,0,15,16,15,13,12,12,11,9,0,10,8,7,0,8,8,5,3,5,4,5,4,4,3,1,1,1,0,0,0,0,0,0,1,1,0,2,0,0,0,0,0,0
2022-03-13 21:00:00,0,0,0,0,0,1,0,0,2,2,3,2,0,0,1,2,3,2,3,8,9,6,17,10,16,15,15,11,10,11,11,9,0,13,13,11,5,3,0,1,0,0,0,0,0,0,0,0,1,14,19,0,3,18,15,9,10,11,9,7,6,5,3,0,11,10,9,6,5,4,4,0,8,7,6,0,7,6,1,5,1,0,0,2,0,1,0,1,1,2,4,3,2,0,0,0,0
2022-03-13 22:00:00,0,0,0,0,0,1,0,0,2,1,0,0,2,1,0,0,3,0,4,13,18,21,22,22,24,22,19,16,15,13,10,6,3,6,5,2,1,6,5,2,0,1,3,2,0,2,1,1,0,2,3,0,0,0,1,6,8,9,14,13,14,13,13,13,21,12,6,5,0,0,2,0,4,0,3,5,8,1,0,10,2,1,0,0,0,0,0,1,2,2,0,1,0,0,0,0,0
2022-03-13 23:00:00,0,0,0,0,0,0,1,0,0,0,0,0,0,1,0,0,0,0,0,3,4,0,3,0,2,0,0,4,3,4,3,2,0,6,7,6,5,2,1,0,0,0,2,0,2,2,1,1,0,2,4,0,4,0,3,3,4,2,4,0,5,4,5,0,8,4,7,0,6,8,8,0,7,6,3,2,3,2,0,3,2,0,0,1,0,0,0,0,0,0,1,0,0,0,0,0,0
2022-03-14 00:00:00,0,0,0,0,0,0,0,0,0,0,0,0,0,0,0,0,0,0,0,0,0,0,0,0,0,0,0,0,0,0,0,0,0,0,0,0,0,0,0,0,0,0,0,0,0,0,0,0,0,0,0,0,0,0,0,0,0,0,0,0,0,0,0,0,0,0,0,0,0,0,0,0,0,0,0,0,0,0,0,0,0,0,0,0,0,0,0,0,0,0,0,0,0,0,0,0,0
2022-03-14 01:00:00,0,0,0,0,0,0,0,0,0,0,0,0,0,0,0,0,0,0,0,0,0,0,0,0,0,0,0,0,0,0,0,0,0,0,0,0,0,0,0,0,0,0,0,0,0,0,0,0,0,0,0,0,0,0,0,0,0,0,0,0,0,0,0,0,0,0,0,0,0,0,0,0,0,0,0,0,0,0,0,0,0,0,0,0,0,0,0,0,0,0,0,0,0,0,0,0,0
2022-03-14 02:00:00,0,0,0,0,0,0,0,0,0,0,0,0,0,0,0,0,0,0,0,0,0,0,0,0,0,0,0,0,0,0,0,0,0,0,0,0,0,0,0,0,0,0,0,0,0,0,0,0,0,0,0,0,0,0,0,0,0,0,0,0,0,0,0,0,0,0,0,0,0,0,0,0,0,0,0,0,0,0,0,0,0,0,0,0,0,0,0,0,0,0,0,0,0,0,0,0,0
2022-03-14 03:00:00,0,0,0,0,0,0,0,0,0,0,0,0,0,0,0,0,0,0,0,0,0,0,0,0,0,0,0,0,0,0,0,0,0,0,0,0,0,0,0,0,0,0,0,0,0,0,0,0,0,0,0,0,0,0,0,0,0,0,0,0,0,0,0,0,0,0,0,0,0,0,0,0,0,0,0,0,0,0,0,0,0,0,0,0,0,0,0,0,0,0,0,0,0,0,0,0,0
2022-03-14 04:00:00,0,0,0,1,3,0,0,2,0,0,0,0,0,3,4,0,1,0,5,6,7,9,2,8,9,7,6,7,7,8,0,0,0,6,0,0,0,0,0,0,0,0,0,0,0,0,0,0,0,0,0,0,0,0,0,0,0,0,0,0,0,0,0,0,0,0,0,0,0,0,0,0,0,0,0,0,0,0,0,0,0,0,0,0,0,0,0,0,0,0,0,0,0,0,0,0,0
2022-03-14 05:00:00,0,0,0,2,5,6,0,5,1,0,0,2,2,4,6,5,7,0,3,7,7,6,6,4,5,3,4,0,3,5,8,9,7,5,5,4,7,9,6,5,2,0,0,4,3,0,2,1,0,1,1,2,1,2,1,1,1,0,2,1,2,3,4,2,1,0,3,0,0,2,2,3,0,2,0,0,0,0,0,0,0,0,0,0,0,0,0,0,0,0,0,0,0,0,0,0,0
2022-03-14 06:00:00,0,0,1,3,4,2,3,2,1,0,0,0,0,2,1,2,4,0,3,2,2,0,4,2,1,3,2,2,2,9,8,12,10,3,4,5,6,11,8,7,5,0,3,0,3,2,0,0,0,2,1,0,0,0,1,0,1,2,0,0,6,13,16,14,10,8,11,8,12,13,10,7,10,0,11,6,6,5,2,3,1,1,1,2,0,0,1,0,3,0,0,0,1,0,0,0,0
2022-03-14 07:00:00,0,2,0,3,7,10,11,9,11,11,9,6,7,12,15,14,15,14,13,9,13,6,5,2,1,4,2,3,6,25,38,45,39,12,13,16,17,31,32,24,11,11,11,10,7,9,6,4,1,4,5,6,5,2,0,1,0,2,2,1,13,28,40,33,9,10,20,26,26,27,28,29,24,25,21,22,24,21,20,25,24,16,12,6,3,1,1,4,3,0,4,4,4,5,4,0,0
2022-03-14 08:00:00,0,0,0,8,13,16,15,7,11,4,2,2,2,11,17,11,10,0,8,6,6,6,5,4,4,3,7,8,8,11,11,20,17,15,15,16,23,42,37,25,22,21,21,16,16,11,9,5,1,13,11,11,6,7,8,7,6,7,12,9,17,29,39,30,15,18,22,26,22,25,27,28,27,16,28,20,22,18,15,8,9,8,4,4,5,5,2,4,7,4,2,3,0,0,3,0,0
2022-03-14 09:00:00,0,1,0,8,11,12,10,7,5,4,3,2,2,3,7,4,9,10,12,9,4,10,6,9,9,8,7,9,9,10,15,16,13,14,10,9,18,18,16,11,0,14,16,15,5,14,12,3,1,11,14,7,4,7,3,7,8,8,10,8,12,18,19,18,14,19,23,24,25,22,21,23,20,18,16,11,9,6,5,4,3,2,3,0,3,0,2,2,4,0,3,4,1,0,2,0,0
2022-03-14 10:00:00,2,0,0,3,4,4,3,2,4,2,3,0,0,4,6,2,7,6,3,4,6,8,8,11,4,14,11,12,8,13,16,18,13,8,13,12,8,10,8,3,6,5,3,2,1,1,2,0,0,4,3,3,2,3,2,1,0,2,4,3,9,10,10,9,10,9,11,13,15,15,14,15,16,14,13,11,9,8,7,5,4,2,2,3,1,4,0,3,2,0,1,0,0,0,0,0,0
2022-03-14 11:00:00,1,0,2,1,3,2,4,3,1,0,3,3,5,7,8,10,12,0,10,8,9,11,9,11,9,9,12,7,10,10,9,8,6,7,7,7,10,14,13,11,10,7,3,2,0,4,1,1,0,4,4,0,1,3,2,2,0,0,3,4,7,7,7,6,6,6,6,6,5,6,6,5,7,8,7,5,6,4,5,6,3,5,2,4,2,3,3,2,3,3,2,2,0,0,3,0,0
2022-03-14 12:00:00,0,0,0,1,3,2,3,0,1,2,0,2,3,4,6,6,8,9,7,7,7,7,7,7,0,8,8,8,9,12,10,12,11,13,16,18,15,17,16,12,9,8,7,0,8,0,7,5,2,4,5,3,4,4,5,5,6,8,7,10,11,11,10,8,6,7,10,4,3,10,7,0,9,11,9,6,8,8,5,6,4,4,3,1,2,0,2,3,1,4,3,1,0,0,0,0,0
2022-03-14 13:00:00,0,0,1,2,5,6,6,5,2,1,4,5,6,6,11,13,12,12,11,9,8,11,11,11,11,10,10,7,9,12,13,12,9,6,7,7,6,7,6,5,5,4,3,0,4,7,3,2,1,3,0,4,5,3,5,6,8,3,9,7,10,14,12,11,9,11,12,0,10,10,14,6,12,14,14,8,12,10,7,4,3,3,4,3,3,3,0,2,1,1,0,1,1,0,0,0,0
2022-03-14 14:00:00,0,0,0,2,5,1,2,2,1,3,4,3,2,4,8,6,13,13,13,13,16,16,15,15,8,14,14,13,12,9,13,14,0,10,12,10,8,9,9,8,8,6,5,4,1,0,0,1,1,6,8,11,12,14,13,12,11,8,13,15,14,14,16,12,11,8,9,11,3,11,12,13,12,10,11,5,7,5,6,3,2,4,4,1,6,5,4,1,0,2,1,0,0,0,0,0,0
2022-03-14 15:00:00,0,0,2,4,5,4,4,3,3,3,5,3,28,32,36,36,35,36,37,35,35,33,32,35,32,29,29,28,21,15,16,18,15,14,13,12,11,12,16,13,11,7,5,5,4,3,1,1,0,5,5,7,8,6,3,0,9,8,13,14,8,7,14,15,14,15,8,10,9,8,6,7,7,9,10,10,2,9,3,5,4,3,5,5,6,5,0,3,2,3,2,2,1,0,0,0,0
2022-03-14 16:00:00,0,2,0,4,8,0,8,6,3,3,2,1,3,5,10,12,16,21,22,27,28,27,29,24,23,19,16,6,16,16,17,14,13,12,13,12,9,10,8,7,6,5,5,7,6,4,5,2,0,7,11,9,10,6,7,8,12,7,13,12,9,7,6,6,10,6,7,9,9,8,8,8,7,6,6,7,10,9,6,4,5,4,8,9,7,7,5,5,7,8,7,3,2,2,1,0,0
2022-03-14 17:00:00,0,1,0,5,7,0,8,6,5,5,5,4,8,10,11,12,14,15,16,16,19,19,17,33,32,27,26,24,17,10,8,7,10,9,8,8,7,5,6,7,7,4,7,8,6,4,0,2,3,5,7,8,7,11,7,8,11,12,20,17,16,12,13,12,15,14,11,11,13,9,11,9,9,9,9,10,12,11,4,15,10,8,8,7,8,7,5,3,4,3,2,1,3,1,0,0,0
2022-03-14 18:00:00,2,4,8,7,7,5,9,12,9,5,4,7,13,13,12,26,38,41,40,35,38,34,30,32,30,27,35,30,28,22,20,19,16,26,27,22,12,8,6,4,2,4,5,3,6,8,7,3,5,14,16,19,21,22,24,24,27,27,46,39,25,12,14,15,29,19,9,10,12,6,13,8,11,10,8,6,7,6,5,5,4,2,0,4,5,7,6,3,4,4,5,2,3,0,0,0,0
2022-03-14 19:00:00,0,0,0,1,3,5,4,2,2,2,5,5,4,3,2,2,4,4,5,8,7,7,8,7,24,21,24,8,16,13,11,12,10,20,19,18,12,8,4,4,2,0,2,0,0,3,1,0,0,9,11,10,8,7,8,6,13,19,29,25,21,20,22,24,31,26,11,9,5,7,5,6,4,6,4,0,5,0,0,4,1,2,2,3,3,4,1,2,5,4,4,3,0,1,0,0,0
2022-03-14 20:00:00,0,0,0,1,3,2,0,0,0,1,2,0,0,1,3,4,9,0,10,19,22,20,20,19,16,13,11,8,7,5,3,4,4,13,13,7,5,3,3,0,2,2,5,2,0,0,1,0,2,14,16,17,16,15,15,13,14,12,19,20,17,15,15,14,12,8,5,5,5,8,7,7,6,7,7,0,6,3,5,9,5,1,2,0,0,2,0,2,2,3,2,0,0,0,0,0,0
2022-03-14 21:00:00,0,0,0,0,1,0,0,0,1,2,0,0,3,2,3,4,8,10,9,12,14,16,14,17,16,13,11,8,11,8,6,5,7,8,5,7,5,5,3,3,2,5,5,2,1,4,1,0,1,8,9,10,0,9,8,7,7,4,12,11,10,12,10,11,15,8,4,3,0,4,0,2,4,5,2,2,4,0,3,9,5,3,4,3,0,1,1,0,2,0,3,2,2,1,0,0,0
2022-03-14 22:00:00,0,0,0,1,0,1,0,1,0,5,3,0,0,6,5,4,8,0,7,9,10,15,17,19,18,7,18,17,17,15,0,14,13,11,8,5,3,1,2,1,1,1,1,0,2,2,1,0,0,2,9,8,11,12,11,10,11,16,17,14,11,9,8,9,9,6,3,2,0,2,0,3,0,2,1,1,0,0,0,1,2,1,0,0,0,0,0,2,2,3,2,1,0,0,0,0,0
2022-03-14 23:00:00,0,0,0,0,0,0,0,0,1,3,0,0,4,7,6,4,6,0,0,9,8,7,9,9,11,9,7,5,4,4,4,5,0,7,8,4,1,2,1,0,3,4,3,1,0,2,1,0,0,4,0,0,0,5,1,0,5,6,11,6,5,4,3,7,11,8,3,3,5,0,1,4,5,6,5,4,5,0,0,5,3,1,0,0,0,2,1,0,3,0,2,0,1,0,0,0,0
2022-03-15 00:00:00,0,0,0,0,0,0,0,0,0,0,0,0,0,0,0,0,0,0,0,0,0,0,0,0,0,0,0,0,0,0,0,0,0,0,0,0,0,0,0,0,0,0,0,0,0,0,0,0,0,0,0,0,0,0,0,0,0,0,0,0,0,0,0,0,0,0,0,0,0,0,0,0,0,0,0,0,0,0,0,0,0,0,0,0,0,0,0,0,0,0,0,0,0,0,0,0,0
2022-03-15 01:00:00,0,0,0,0,0,0,0,0,0,0,0,0,0,0,0,0,0,0,0,0,0,0,0,0,0,0,0,0,0,0,0,0,0,0,0,0,0,0,0,0,0,0,0,0,0,0,0,0,0,0,0,0,0,0,0,0,0,0,0,0,0,0,0,0,0,0,0,0,0,0,0,0,0,0,0,0,0,0,0,0,0,0,0,0,0,0,0,0,0,0,0,0,0,0,0,0,0
2022-03-15 02:00:00,0,0,0,0,0,0,0,0,0,0,0,0,0,0,0,0,0,0,0,0,0,0,0,0,0,0,0,0,0,0,0,0,0,0,0,0,0,0,0,0,0,0,0,0,0,0,0,0,0,0,0,0,0,0,0,0,0,0,0,0,0,0,0,0,0,0,0,0,0,0,0,0,0,0,0,0,0,0,0,0,0,0,0,0,0,0,0,0,0,0,0,0,0,0,0,0,0
2022-03-15 03:00:00,0,0,0,0,0,0,0,0,0,0,0,0,0,0,0,0,0,0,0,0,0,0,0,0,0,0,0,0,0,0,0,0,0,0,0,0,0,0,0,0,0,0,0,0,0,0,0,0,0,0,0,0,0,0,0,0,0,0,0,0,0,0,0,0,0,0,0,0,0,0,0,0,0,0,0,0,0,0,0,0,0,0,0,0,0,0,0,0,0,0,0,0,0,0,0,0,0
2022-03-15 04:00:00,0,0,0,0,1,2,2,1,0,0,1,0,1,2,4,4,3,5,5,6,9,10,12,2,10,8,6,7,0,8,0,7,0,0,0,0,0,0,0,0,0,0,0,0,0,0,0,0,0,0,0,0,0,0,0,0,0,0,0,0,0,0,0,0,0,0,0,0,0,0,0,0,0,0,0,0,0,0,0,0,0,0,0,0,0,0,0,0,0,0,0,0,0,0,0,0,0
2022-03-15 05:00:00,0,0,0,1,2,1,0,0,0,0,0,2,2,0,1,1,4,0,0,4,1,6,7,3,7,6,5,0,4,6,7,9,2,3,6,2,6,7,6,6,5,5,4,4,4,2,4,2,1,3,4,3,2,3,6,0,0,5,3,3,2,4,4,0,3,0,7,2,0,8,0,9,0,0,0,0,0,0,0,0,0,0,0,0,0,0,0,0,0,0,0,0,0,0,0,0,0
2022-03-15 06:00:00,0,0,0,2,3,1,0,0,0,0,1,0,1,1,2,4,0,3,3,4,3,1,2,3,0,1,3,0,4,17,25,28,21,9,10,8,7,10,8,6,0,5,0,4,0,3,1,0,0,0,0,1,1,2,1,2,3,2,3,2,7,10,12,13,10,6,7,8,10,12,14,13,10,10,9,8,3,2,1,1,0,0,1,0,0,1,0,0,0,0,0,0,1,0,0,0,0
2022-03-15 07:00:00,0,1,0,2,6,11,10,8,9,10,8,6,3,9,11,7,12,13,10,11,7,12,2,4,6,4,5,6,6,23,32,40,36,11,11,12,12,23,20,13,15,15,11,11,9,8,7,2,0,6,9,5,5,8,7,5,4,6,5,7,12,27,39,24,17,19,23,34,37,35,27,33,27,30,25,22,23,21,18,20,19,18,8,5,3,3,4,0,2,3,5,4,2,1,0,0,0
2022-03-15 08:00:00,0,1,0,6,8,10,10,6,8,4,5,4,4,5,7,7,19,18,18,13,13,11,10,13,12,10,11,11,12,21,30,35,32,24,24,23,23,23,22,15,14,13,7,11,10,7,7,4,0,19,4,15,12,9,9,8,7,4,3,4,12,20,28,28,13,16,21,27,26,22,25,26,24,28,29,13,25,24,22,17,17,12,7,3,3,4,1,5,4,3,4,0,5,0,2,1,0
2022-03-15 09:00:00,0,1,0,2,7,8,4,3,3,3,0,1,1,2,7,2,8,9,10,5,5,7,6,8,4,7,3,4,5,10,16,24,21,15,13,12,11,21,26,15,15,10,14,13,12,13,9,5,2,5,6,3,4,3,2,1,0,0,3,3,2,5,8,7,7,16,17,23,21,16,15,15,13,14,11,12,8,6,4,2,2,0,0,2,3,0,2,0,4,1,2,1,1,0,0,0,0
2022-03-15 10:00:00,0,0,0,2,4,6,7,4,3,2,0,1,0,2,4,5,4,0,4,4,5,6,5,8,6,6,10,5,9,11,13,15,13,6,0,5,5,4,6,3,2,3,6,6,5,3,2,1,1,5,6,7,3,8,7,6,8,10,8,7,7,13,14,8,9,8,8,10,12,13,14,13,12,8,6,5,6,3,4,5,4,2,3,1,3,3,0,1,2,0,2,1,0,0,0,0,0
2022-03-15 11:00:00,0,0,0,0,1,0,1,2,3,2,1,1,0,2,3,3,7,6,7,9,9,12,12,0,11,12,12,2,9,12,9,6,4,12,11,11,9,9,7,6,5,4,5,2,4,3,1,0,0,3,5,6,6,9,8,8,9,8,11,11,13,14,19,15,12,13,11,11,14,12,12,10,10,10,8,8,6,6,5,1,1,0,1,0,1,0,1,0,0,0,1,0,0,0,0,0,0
2022-03-15 12:00:00,0,1,0,2,3,0,4,2,2,4,3,3,4,5,4,4,5,0,5,5,5,8,12,15,14,7,12,0,11,10,10,4,0,16,15,12,13,10,11,8,5,2,4,2,0,4,3,1,0,5,6,2,5,1,3,3,5,1,2,3,8,9,4,4,16,15,15,10,5,11,14,12,9,10,10,3,9,3,8,7,4,0,1,2,2,3,1,3,4,3,3,0,2,2,1,1,0
2022-03-15 13:00:00,0,0,0,0,0,1,0,0,1,1,0,1,2,5,8,14,16,17,15,16,19,17,18,19,17,20,24,8,19,16,6,15,14,11,8,7,7,4,6,4,4,4,5,4,4,5,2,1,0,6,7,4,7,7,6,0,7,9,10,13,9,12,13,12,11,11,12,12,14,17,10,10,15,18,16,15,13,11,8,7,5,6,4,7,9,8,4,3,2,3,3,0,2,0,0,0,0
2022-03-15 14:00:00,3,0,0,4,6,7,8,8,4,4,1,2,4,3,7,9,10,9,9,12,16,12,12,13,13,15,19,11,22,23,26,25,24,17,8,16,14,15,16,12,10,10,8,7,8,0,0,3,0,2,3,4,7,6,4,5,4,9,8,8,11,11,11,9,18,17,21,22,23,20,22,11,19,20,15,11,8,6,6,7,8,6,5,4,4,4,0,1,3,0,3,1,0,1,0,0,0
2022-03-15 15:00:00,0,0,1,1,2,2,1,3,2,4,7,5,3,6,8,9,10,7,11,17,14,25,23,24,23,22,22,21,20,18,18,20,19,16,16,12,12,8,8,5,5,5,5,4,5,7,1,2,2,5,7,8,7,5,6,7,8,7,8,9,15,17,16,14,15,15,13,14,10,13,11,6,12,11,14,13,16,15,12,10,10,9,7,8,13,2,6,5,4,1,0,1,2,0,0,0,0
2022-03-15 16:00:00,1,3,0,2,2,2,0,3,0,1,2,4,18,23,30,30,35,36,34,33,29,25,26,27,23,26,22,19,20,19,19,20,17,15,14,13,11,10,10,12,10,7,5,6,3,2,0,4,0,10,12,13,10,15,11,11,14,13,20,16,14,18,18,15,14,13,7,6,7,9,10,12,11,16,16,17,11,10,3,3,2,6,14,13,10,9,6,3,6,5,3,1,0,1,0,0,0
2022-03-15 17:00:00,0,2,3,4,5,6,3,6,3,4,3,4,10,15,18,19,21,23,26,21,27,29,31,34,31,26,23,10,18,13,13,14,15,20,20,17,16,15,15,13,9,6,7,5,4,0,3,2,4,7,11,12,11,12,15,14,16,14,17,19,15,16,19,18,14,15,12,13,13,11,13,13,13,12,13,11,6,6,2,8,7,4,6,5,6,6,1,4,4,3,1,0,0,0,0,0,0
2022-03-15 18:00:00,2,0,6,6,9,10,11,11,9,6,6,7,8,11,11,14,20,22,22,28,27,30,28,26,24,21,26,17,20,14,14,12,13,25,25,24,21,16,13,12,10,9,7,6,8,9,7,4,4,19,20,23,26,30,32,30,29,29,29,26,22,18,18,16,24,20,12,11,9,15,14,14,12,16,17,14,15,17,16,14,8,5,5,6,7,8,7,5,6,6,7,3,0,0,1,0,0
2022-03-15 19:00:00,0,0,0,1,2,3,5,5,3,4,2,0,2,2,3,7,9,4,17,20,21,22,19,21,20,16,14,11,14,13,11,6,3,20,21,17,13,6,4,4,3,3,1,2,0,2,1,0,3,11,10,11,13,21,20,21,19,19,24,20,14,12,10,8,17,15,14,12,10,9,9,11,13,12,9,10,7,6,4,13,7,2,2,5,4,0,3,2,4,5,5,4,1,0,0,0,0
2022-03-15 20:00:00,0,0,0,0,0,1,2,1,2,2,2,1,1,1,3,5,7,2,6,11,12,13,10,10,9,7,8,4,6,5,2,5,4,7,6,6,5,4,5,4,3,3,4,3,2,1,0,0,0,14,19,20,20,15,22,18,20,24,28,24,17,17,13,12,12,11,13,11,10,6,11,8,6,5,6,0,9,1,6,7,6,4,4,2,1,3,0,4,0,3,3,2,0,1,0,0,0
2022-03-15 21:00:00,0,0,0,2,1,2,0,1,1,2,2,0,1,3,3,4,4,4,0,7,10,12,15,21,18,16,12,7,9,9,8,5,7,10,11,9,7,5,4,4,2,3,5,2,4,2,1,0,0,7,8,0,3,11,11,13,17,19,22,19,16,14,14,13,18,16,9,8,5,7,0,6,4,5,7,0,6,8,6,5,4,1,1,0,1,0,3,0,4,3,4,3,2,1,2,0,0
2022-03-15 22:00:00,0,0,0,0,2,0,0,3,2,4,6,4,5,3,4,0,4,3,3,6,5,5,12,15,16,16,14,12,11,8,5,5,1,7,6,5,6,6,5,1,6,8,9,8,5,4,1,0,1,3,5,0,0,6,8,5,9,11,12,12,12,11,12,11,10,8,7,0,6,5,5,2,6,5,9,4,5,4,7,2,3,2,1,0,1,0,0,0,1,2,1,1,0,0,0,0,0
2022-03-15 23:00:00,0,0,0,0,0,0,0,0,0,0,0,0,0,2,0,0,4,4,5,8,9,8,5,13,4,0,9,4,0,7,6,0,0,9,8,7,4,2,3,1,4,3,5,1,0,4,2,1,1,3,4,6,8,7,7,1,7,9,17,15,8,4,3,2,10,9,5,0,4,1,6,0,7,5,5,0,9,8,7,5,4,2,4,0,1,0,0,0,2,1,2,1,0,0,0,0,0
2022-03-16 00:00:00,0,0,0,0,0,0,0,0,0,0,0,0,0,0,0,0,0,0,0,0,0,0,0,0,0,0,0,0,0,0,0,0,0,0,0,0,0,0,0,0,0,0,0,0,0,0,0,0,0,0,0,0,0,0,0,0,0,0,0,0,0,0,0,0,0,0,0,0,0,0,0,0,0,0,0,0,0,0,0,0,0,0,0,0,0,0,0,0,0,0,0,0,0,0,0,0,0
2022-03-16 01:00:00,0,0,0,0,0,0,0,0,0,0,0,0,0,0,0,0,0,0,0,0,0,0,0,0,0,0,0,0,0,0,0,0,0,0,0,0,0,0,0,0,0,0,0,0,0,0,0,0,0,0,0,0,0,0,0,0,0,0,0,0,0,0,0,0,0,0,0,0,0,0,0,0,0,0,0,0,0,0,0,0,0,0,0,0,0,0,0,0,0,0,0,0,0,0,0,0,0
2022-03-16 02:00:00,0,0,0,0,0,0,0,0,0,0,0,0,0,0,0,0,0,0,0,0,0,0,0,0,0,0,0,0,0,0,0,0,0,0,0,0,0,0,0,0,0,0,0,0,0,0,0,0,0,0,0,0,0,0,0,0,0,0,0,0,0,0,0,0,0,0,0,0,0,0,0,0,0,0,0,0,0,0,0,0,0,0,0,0,0,0,0,0,0,0,0,0,0,0,0,0,0
2022-03-16 03:00:00,0,0,0,0,0,0,0,0,0,0,0,0,0,0,0,0,0,0,0,0,0,0,0,0,0,0,0,0,0,0,0,0,0,0,0,0,0,0,0,0,0,0,0,0,0,0,0,0,0,0,0,0,0,0,0,0,0,0,0,0,0,0,0,0,0,0,0,0,0,0,0,0,0,0,0,0,0,0,0,0,0,0,0,0,0,0,0,0,0,0,0,0,0,0,0,0,0
2022-03-16 04:00:00,0,0,1,2,3,4,3,0,0,0,4,0,0,1,5,5,0,0,5,4,5,7,6,6,7,6,5,6,0,6,7,0,0,0,0,0,0,0,0,0,0,0,0,0,0,0,0,0,0,0,0,0,0,0,0,0,0,0,0,0,0,0,0,0,0,0,0,0,0,0,0,0,0,0,0,0,0,0,0,0,0,0,0,0,0,0,0,0,0,0,0,0,0,0,0,0,0
2022-03-16 05:00:00,0,0,0,1,3,2,2,0,0,0,0,3,4,5,6,5,2,2,4,5,4,5,3,6,6,4,7,2,4,8,8,12,11,6,5,3,6,7,9,5,4,6,5,3,4,3,2,1,0,0,3,4,3,0,2,0,0,0,0,0,0,3,3,0,2,2,4,3,0,5,5,0,0,0,0,0,0,0,0,0,0,0,0,0,0,0,0,0,0,0,0,0,0,0,0,0,0
2022-03-16 06:00:00,0,0,1,3,4,2,0,3,1,0,0,1,0,3,5,3,3,0,4,3,4,6,5,3,0,1,2,2,2,8,9,7,3,4,3,5,6,8,7,6,7,0,8,9,7,6,4,2,0,0,1,0,0,1,0,0,2,0,0,3,4,5,6,4,7,6,6,7,8,10,10,12,11,10,6,7,7,4,3,1,0,0,1,0,1,1,0,0,2,0,0,0,1,0,0,0,0
2022-03-16 07:00:00,0,0,1,1,4,8,9,6,7,6,6,0,4,6,8,6,5,7,12,11,10,7,4,4,3,3,4,2,4,19,26,37,34,16,8,17,17,24,22,16,15,10,8,8,8,7,4,2,1,7,11,10,8,5,4,3,3,2,2,1,12,20,30,25,14,15,27,34,21,38,39,37,29,27,30,29,31,28,14,16,29,18,5,5,5,5,5,2,4,5,2,3,3,4,0,0,0
2022-03-16 08:00:00,0,0,0,6,8,11,11,8,11,8,4,4,3,6,13,12,4,0,12,9,4,13,12,3,9,8,9,11,13,13,21,27,28,16,12,14,14,24,22,12,14,12,16,17,14,10,7,2,0,31,25,19,15,11,8,8,8,9,12,8,7,13,20,15,12,15,26,29,29,23,25,25,23,25,24,23,29,24,21,20,17,15,6,6,3,4,4,6,12,3,2,2,3,0,2,0,0
2022-03-16 09:00:00,0,0,1,4,7,8,5,2,3,2,3,2,1,6,7,5,6,8,4,6,5,6,7,8,6,8,7,0,10,14,16,25,23,14,16,13,13,18,15,13,15,12,12,11,8,7,6,3,2,3,4,4,2,0,3,4,5,5,5,5,6,9,10,10,9,11,19,20,23,18,17,18,16,16,13,12,8,4,4,1,2,0,2,1,4,3,1,0,3,2,0,1,2,3,2,0,0
2022-03-16 10:00:00,0,0,1,2,4,5,1,2,1,0,0,0,1,3,5,0,5,3,6,6,8,10,10,10,4,4,9,10,10,5,6,4,0,6,7,8,5,6,9,7,6,4,3,3,6,4,2,1,0,2,0,2,3,1,2,4,2,5,3,2,7,8,8,7,7,4,11,12,12,12,9,8,8,7,7,3,5,6,2,7,4,2,4,4,3,0,2,0,3,0,2,1,0,0,0,0,0
2022-03-16 11:00:00,0,0,0,1,2,4,0,1,1,0,1,2,0,3,6,5,7,7,5,5,6,5,5,6,0,5,5,6,6,6,5,6,7,8,10,11,10,9,10,9,7,1,3,2,6,1,2,3,3,5,2,3,2,0,4,6,6,7,7,6,5,8,9,8,10,12,14,16,15,17,11,16,17,11,10,10,5,5,4,2,2,3,4,3,2,2,1,1,1,0,0,0,1,0,0,0,0
2022-03-16 12:00:00,0,1,0,2,5,6,7,6,3,4,1,4,4,2,9,10,13,14,13,11,5,5,9,10,7,8,9,6,8,11,0,12,11,11,12,13,11,11,11,4,13,12,13,11,10,8,6,2,2,3,9,8,6,5,7,7,7,12,14,12,8,10,12,10,14,13,15,16,15,15,15,15,15,16,16,15,11,9,8,3,3,2,2,0,1,0,3,1,5,0,5,3,2,0,0,0,0
2022-03-16 13:00:00,1,1,0,4,5,3,4,3,2,2,0,1,5,7,6,8,12,13,14,15,17,18,6,20,21,21,14,13,7,12,19,18,17,16,14,12,10,13,12,10,8,8,9,11,10,8,7,3,2,8,9,9,7,6,5,3,7,8,8,9,10,10,11,10,9,8,10,10,13,13,0,13,13,14,14,14,7,3,1,8,5,3,2,1,0,2,0,0,0,0,1,2,0,1,0,0,0
2022-03-16 14:00:00,0,0,1,1,2,3,4,4,2,3,10,0,11,30,30,30,14,10,16,21,23,25,27,31,30,29,28,13,24,18,12,10,7,7,6,6,5,8,11,8,4,3,5,3,4,5,2,4,1,8,10,12,11,10,8,10,11,13,17,16,15,14,15,16,17,11,10,6,6,7,8,9,8,6,5,6,8,9,2,7,7,6,7,8,5,3,2,2,4,3,1,2,2,1,1,0,0
2022-03-16 15:00:00,0,0,0,1,2,3,3,1,2,1,0,2,22,28,28,27,30,32,31,32,31,33,34,22,29,28,28,27,25,19,17,17,17,16,15,12,12,9,8,4,6,5,3,2,0,1,0,1,1,5,6,10,11,15,17,18,20,19,25,24,14,18,17,13,15,15,13,14,16,15,14,13,6,8,7,9,12,11,10,11,9,6,10,8,3,1,8,0,9,8,5,2,1,0,0,0,0
2022-03-16 16:00:00,0,2,0,4,3,5,4,3,1,2,2,1,7,9,13,14,18,8,19,21,19,20,18,24,15,25,21,21,16,12,12,16,15,17,17,16,14,12,13,10,8,6,7,7,3,6,6,1,2,8,11,13,13,14,13,13,15,14,21,21,23,8,23,21,20,17,12,10,10,11,17,18,19,18,12,9,8,1,9,8,5,5,3,4,3,5,2,1,2,3,2,1,1,0,0,0,0
2022-03-16 17:00:00,0,7,3,2,9,0,6,3,3,4,7,1,10,7,9,11,17,22,20,19,19,18,23,26,27,22,24,22,18,18,18,18,17,14,13,16,12,12,7,9,8,6,1,0,2,5,4,2,1,13,14,18,20,19,16,10,12,13,15,12,15,17,19,18,26,21,12,13,13,12,14,7,11,11,12,11,12,5,8,6,7,6,6,7,6,4,4,6,4,2,4,1,0,0,0,0,0
2022-03-16 18:00:00,2,1,3,7,5,9,7,12,9,8,3,6,7,8,8,11,22,23,25,29,30,33,33,34,33,27,31,29,20,18,16,18,7,23,22,21,13,16,13,10,3,6,7,6,2,3,0,1,4,17,17,20,19,20,0,22,23,27,38,33,26,20,20,19,34,21,21,19,17,14,14,13,11,17,14,13,11,9,10,8,5,3,4,10,12,14,10,4,8,9,7,4,4,4,2,0,0
2022-03-16 19:00:00,0,0,0,2,1,3,4,5,4,2,1,0,2,4,3,4,6,5,7,16,16,19,22,20,19,20,18,17,14,12,13,12,18,32,29,22,15,8,5,4,3,5,6,4,0,4,3,1,0,12,17,16,17,18,17,13,16,17,22,24,15,18,16,13,21,15,11,11,10,11,10,12,12,2,9,7,3,3,3,6,5,2,1,2,0,2,1,0,2,0,2,0,2,0,0,0,0
2022-03-16 20:00:00,0,0,0,0,2,0,0,3,0,3,2,0,1,3,4,5,12,13,14,11,11,14,13,15,6,14,12,6,10,8,6,7,0,10,8,5,4,3,4,6,1,4,5,1,4,2,1,1,0,17,18,20,22,20,17,15,21,21,29,24,17,16,12,12,18,12,5,7,6,5,5,7,5,7,8,9,7,3,2,5,2,3,4,2,2,4,5,3,5,2,4,2,0,1,0,0,0
2022-03-16 21:00:00,0,0,0,0,2,3,3,0,0,4,1,4,3,2,3,2,3,0,4,11,12,11,5,12,8,11,12,9,7,8,6,7,5,9,10,7,4,5,6,6,5,6,6,5,0,3,2,1,0,7,7,8,6,7,0,6,8,9,14,13,11,9,8,4,12,11,8,6,7,7,6,0,5,5,6,7,9,2,1,5,2,0,0,0,1,2,3,0,4,0,4,1,2,2,1,0,0
2022-03-16 22:00:00,0,0,0,1,0,2,0,0,2,2,1,2,0,3,2,0,2,1,3,10,13,16,16,18,19,18,14,12,10,7,8,7,0,8,9,7,6,3,4,0,3,0,4,5,0,4,0,2,0,5,6,0,5,4,5,4,9,13,15,10,12,13,13,15,17,12,9,9,10,12,13,12,11,10,12,13,15,13,2,10,6,4,1,1,2,1,1,0,2,4,2,1,0,0,0,0,0
2022-03-16 23:00:00,0,0,0,0,0,0,0,0,0,5,0,0,0,0,4,0,6,0,5,12,13,5,14,16,0,15,10,9,3,6,5,6,5,5,7,6,3,4,2,3,2,0,3,1,1,4,0,3,2,7,6,3,6,0,5,4,6,7,9,2,8,7,6,6,13,8,3,6,0,5,3,2,1,3,0,1,3,0,3,7,5,2,0,2,1,2,0,1,0,0,2,1,1,0,0,0,0
2022-03-17 00:00:00,0,0,0,0,0,0,0,0,0,0,0,0,0,0,0,0,0,0,0,0,0,0,0,0,0,0,0,0,0,0,0,0,0,0,0,0,0,0,0,0,0,0,0,0,0,0,0,0,0,0,0,0,0,0,0,0,0,0,0,0,0,0,0,0,0,0,0,0,0,0,0,0,0,0,0,0,0,0,0,0,0,0,0,0,0,0,0,0,0,0,0,0,0,0,0,0,0
2022-03-17 01:00:00,0,0,0,0,0,0,0,0,0,0,0,0,0,0,0,0,0,0,0,0,0,0,0,0,0,0,0,0,0,0,0,0,0,0,0,0,0,0,0,0,0,0,0,0,0,0,0,0,0,0,0,0,0,0,0,0,0,0,0,0,0,0,0,0,0,0,0,0,0,0,0,0,0,0,0,0,0,0,0,0,0,0,0,0,0,0,0,0,0,0,0,0,0,0,0,0,0
2022-03-17 02:00:00,0,0,0,0,0,0,0,0,0,0,0,0,0,0,0,0,0,0,0,0,0,0,0,0,0,0,0,0,0,0,0,0,0,0,0,0,0,0,0,0,0,0,0,0,0,0,0,0,0,0,0,0,0,0,0,0,0,0,0,0,0,0,0,0,0,0,0,0,0,0,0,0,0,0,0,0,0,0,0,0,0,0,0,0,0,0,0,0,0,0,0,0,0,0,0,0,0
2022-03-17 03:00:00,0,0,0,0,0,0,0,0,0,0,0,0,0,0,0,0,0,0,0,0,0,0,0,0,0,0,0,0,0,0,0,0,0,0,0,0,0,0,0,0,0,0,0,0,0,0,0,0,0,0,0,0,0,0,0,0,0,0,0,0,0,0,0,0,0,0,0,0,0,0,0,0,0,0,0,0,0,0,0,0,0,0,0,0,0,0,0,0,0,0,0,0,0,0,0,0,0
2022-03-17 04:00:00,0,0,0,1,3,2,2,1,1,0,2,0,0,0,3,3,1,2,3,3,5,6,6,7,0,4,3,4,0,0,5,0,0,7,0,0,0,0,0,0,0,0,0,0,0,0,0,0,0,0,0,0,0,0,0,0,0,0,0,0,0,0,0,0,0,0,0,0,0,0,0,0,0,0,0,0,0,0,0,0,0,0,0,0,0,0,0,0,0,0,0,0,0,0,0,0,0
2022-03-17 05:00:00,0,0,0,2,4,1,0,0,1,0,0,2,3,1,4,4,5,0,4,5,1,5,5,6,6,6,1,5,6,8,9,8,7,4,6,3,2,6,7,6,5,5,6,7,5,7,4,2,1,0,1,2,3,0,2,1,0,0,0,1,2,4,5,7,7,6,6,7,7,5,7,6,0,0,0,0,0,0,0,0,0,0,0,0,0,0,0,0,0,0,0,0,0,0,0,0,0
2022-03-17 06:00:00,0,0,0,2,2,4,6,3,4,1,2,0,0,4,6,2,5,1,5,2,0,2,3,4,0,2,2,3,4,6,10,10,7,4,0,3,5,5,8,6,5,4,5,6,1,5,4,1,1,2,1,1,0,1,2,3,2,4,5,6,16,18,20,21,20,4,6,10,11,6,0,2,5,0,4,5,8,6,1,0,0,1,2,0,0,2,0,0,2,1,0,0,1,0,0,0,0
2022-03-17 07:00:00,0,1,0,3,6,10,10,9,9,7,7,0,5,10,14,11,12,13,5,7,3,6,5,4,4,2,2,3,5,12,18,22,18,9,12,12,13,23,28,21,11,12,13,10,9,8,3,2,1,4,5,6,5,8,6,3,2,0,3,2,7,14,21,18,15,19,26,33,34,35,37,33,30,35,30,33,32,29,0,28,26,13,7,1,2,3,2,0,0,0,0,1,4,3,0,0,0
2022-03-17 08:00:00,0,0,0,5,10,13,14,8,13,5,6,2,3,9,13,11,17,17,16,10,10,12,8,9,9,9,9,10,8,12,15,23,17,14,16,11,13,15,15,10,19,20,23,18,17,9,8,3,0,20,20,16,12,10,6,7,5,5,5,4,10,18,24,22,11,14,21,24,26,25,27,28,28,29,26,24,23,17,13,11,11,10,12,10,11,10,4,5,14,2,3,0,4,3,1,0,0
2022-03-17 09:00:00,0,0,1,4,8,10,13,8,7,4,5,0,3,6,8,4,8,5,9,5,5,7,6,8,7,6,4,5,8,10,11,16,15,12,13,17,19,23,19,16,15,15,18,15,15,14,9,7,1,8,6,5,0,4,3,1,0,1,0,4,6,14,16,15,10,12,12,15,15,14,15,15,12,14,11,11,11,6,5,6,3,3,2,2,3,2,0,3,5,1,0,0,0,0,0,0,0
2022-03-17 10:00:00,0,1,1,0,4,6,5,2,1,1,2,0,4,7,9,0,6,8,5,9,8,8,8,10,11,8,8,0,6,9,11,9,0,8,9,10,11,9,15,11,10,6,3,0,0,0,1,1,0,3,2,3,0,2,3,5,6,3,6,4,6,8,10,9,8,9,11,11,11,10,9,10,7,5,5,8,5,0,4,4,2,0,4,1,2,2,3,2,1,1,0,0,2,1,0,0,0
2022-03-17 11:00:00,0,0,0,0,1,0,0,1,0,2,0,1,2,6,9,7,8,9,8,9,9,9,9,11,0,9,8,7,8,12,4,11,2,7,9,8,6,5,6,5,3,2,4,3,3,2,1,1,0,4,10,9,10,6,7,7,9,7,15,13,10,10,9,8,6,5,9,5,6,5,5,4,3,6,4,3,5,2,0,2,1,3,0,2,2,2,1,0,0,0,0,0,0,2,1,0,0
2022-03-17 12:00:00,1,2,4,5,4,5,4,2,2,0,0,0,1,3,4,12,0,0,4,6,9,8,8,8,0,7,7,3,8,2,4,6,0,6,6,6,8,9,11,7,3,7,5,0,4,2,0,0,2,4,3,4,2,2,3,0,3,0,4,4,11,10,13,10,9,9,7,12,7,11,10,9,7,9,10,6,11,10,2,6,5,3,2,3,4,4,2,1,0,0,0,0,1,0,0,0,0
2022-03-17 13:00:00,0,0,1,0,1,2,2,1,1,1,0,2,4,4,6,7,9,6,8,12,12,14,13,12,9,11,9,7,8,13,14,15,15,16,20,25,26,29,23,16,15,12,13,13,14,12,9,5,1,4,7,5,6,4,5,3,6,0,5,5,7,9,13,0,15,16,15,16,18,19,20,23,22,20,18,19,13,11,8,6,5,4,3,1,1,0,1,0,0,1,2,0,0,1,0,0,0
2022-03-17 14:00:00,2,1,2,4,5,7,4,3,0,2,6,8,3,2,7,8,7,8,9,10,11,8,13,12,12,12,11,8,9,9,8,12,11,14,18,20,15,17,14,13,12,9,9,9,0,8,6,3,1,4,3,3,4,5,6,7,8,12,17,16,17,22,21,19,14,7,11,10,8,13,13,10,11,10,7,5,5,0,4,4,3,1,3,0,1,1,0,0,2,0,4,0,0,2,0,0,0
2022-03-17 15:00:00,1,0,1,1,2,5,4,9,4,3,2,4,6,7,11,16,18,0,12,15,18,28,26,24,23,20,18,17,14,15,13,14,13,13,16,16,16,12,11,8,7,4,0,3,4,3,1,0,4,7,9,10,3,9,10,10,11,14,16,15,15,18,17,18,29,14,9,9,4,4,5,5,6,6,6,12,7,6,2,5,3,1,4,3,2,1,0,0,3,1,1,0,0,0,0,0,0
2022-03-17 16:00:00,1,0,0,3,4,3,5,4,2,3,4,4,12,18,21,25,28,14,29,30,32,36,32,29,28,23,24,22,18,25,27,25,24,23,20,19,17,14,10,6,9,7,9,8,6,5,5,1,0,4,6,7,8,9,0,11,10,10,12,10,11,12,15,14,13,19,9,9,10,9,11,10,11,13,13,12,14,14,12,13,11,12,11,11,9,8,7,5,5,3,2,2,1,0,0,0,0
2022-03-17 17:00:00,0,3,3,5,8,9,8,6,3,2,2,3,7,9,10,9,13,14,17,15,19,19,24,28,27,25,25,20,16,11,7,6,6,13,11,12,8,11,9,10,8,7,6,5,8,8,7,4,2,4,7,9,10,11,13,11,9,10,18,15,13,15,15,13,17,20,17,16,19,16,18,19,15,14,8,7,9,10,9,6,3,4,4,4,5,3,3,1,4,1,1,0,0,0,0,0,0
2022-03-17 18:00:00,3,0,5,9,10,0,0,12,8,9,8,5,6,5,8,11,22,23,23,22,21,22,20,20,18,18,18,17,14,13,15,14,13,22,21,17,12,7,5,4,4,4,3,1,1,0,2,1,4,9,13,13,15,18,22,10,14,19,24,22,15,13,12,14,15,15,13,12,13,14,17,19,17,18,17,16,17,15,13,22,15,10,5,7,10,8,6,3,1,6,4,2,1,0,1,0,0
2022-03-17 19:00:00,0,0,0,1,3,4,4,4,1,2,3,3,3,3,6,8,11,13,14,14,16,19,21,13,20,18,21,19,16,19,15,14,12,31,34,23,13,11,10,10,7,9,7,6,0,5,4,2,1,7,9,14,16,16,18,14,20,20,29,26,16,15,14,8,22,18,12,9,8,9,4,8,5,7,8,8,7,3,0,9,5,8,5,6,2,5,1,1,3,4,4,3,1,0,0,0,0
2022-03-17 20:00:00,0,0,1,0,0,1,2,1,3,9,7,2,6,0,5,6,6,4,4,13,7,14,15,9,16,13,13,12,7,9,8,10,8,11,10,5,3,1,4,5,0,4,2,1,0,0,0,1,0,12,14,12,13,14,13,12,15,14,14,14,12,11,10,6,17,14,7,4,0,6,7,0,6,6,7,6,5,2,0,6,1,2,2,0,0,2,0,1,2,0,2,2,2,0,0,0,0
2022-03-17 21:00:00,0,0,0,0,2,0,0,3,3,4,1,3,2,3,2,2,7,8,0,13,12,11,6,12,11,10,14,13,11,7,7,6,0,15,14,13,8,7,6,5,0,5,6,5,4,2,1,0,0,11,12,13,12,12,10,9,13,6,19,11,9,7,8,9,10,8,7,5,3,5,6,0,4,5,6,0,8,7,0,11,5,4,2,0,1,0,3,1,4,3,3,0,2,1,0,0,0
2022-03-17 22:00:00,0,0,0,1,0,0,0,0,0,3,11,0,0,7,2,3,7,6,6,12,20,28,27,29,28,28,20,19,17,12,6,10,8,13,6,9,5,2,2,0,3,0,6,4,3,0,1,1,3,10,12,11,0,11,11,12,12,11,16,16,12,8,13,11,11,6,5,4,2,5,7,3,6,7,8,7,10,6,0,11,6,3,3,2,0,1,0,0,3,3,1,2,0,1,0,0,0
2022-03-17 23:00:00,0,0,0,0,0,0,0,0,0,4,0,0,5,5,4,0,12,0,10,13,0,14,0,10,17,18,15,0,13,11,10,8,0,8,6,4,4,1,1,2,2,0,1,2,0,2,0,0,1,4,4,3,5,0,0,4,4,4,5,4,2,3,2,0,15,12,5,6,4,4,2,5,7,9,6,5,8,4,5,7,3,0,0,0,0,1,2,1,0,0,0,0,0,0,0,0,0
2022-03-18 00:00:00,0,0,0,0,0,0,0,0,0,0,0,0,0,0,0,0,0,0,0,0,0,0,0,0,0,0,0,0,0,0,0,0,0,0,0,0,0,0,0,0,0,0,0,0,0,0,0,0,0,0,0,0,0,0,0,0,0,0,0,0,0,0,0,0,0,0,0,0,0,0,0,0,0,0,0,0,0,0,0,0,0,0,0,0,0,0,0,0,0,0,0,0,0,0,0,0,0
2022-03-18 01:00:00,0,0,0,0,0,0,0,0,0,0,0,0,0,0,0,0,0,0,0,0,0,0,0,0,0,0,0,0,0,0,0,0,0,0,0,0,0,0,0,0,0,0,0,0,0,0,0,0,0,0,0,0,0,0,0,0,0,0,0,0,0,0,0,0,0,0,0,0,0,0,0,0,0,0,0,0,0,0,0,0,0,0,0,0,0,0,0,0,0,0,0,0,0,0,0,0,0
2022-03-18 02:00:00,0,0,0,0,0,0,0,0,0,0,0,0,0,0,0,0,0,0,0,0,0,0,0,0,0,0,0,0,0,0,0,0,0,0,0,0,0,0,0,0,0,0,0,0,0,0,0,0,0,0,0,0,0,0,0,0,0,0,0,0,0,0,0,0,0,0,0,0,0,0,0,0,0,0,0,0,0,0,0,0,0,0,0,0,0,0,0,0,0,0,0,0,0,0,0,0,0
2022-03-18 03:00:00,0,0,0,0,0,0,0,0,0,0,0,0,0,0,0,0,0,0,0,0,0,0,0,0,0,0,0,0,0,0,0,0,0,0,0,0,0,0,0,0,0,0,0,0,0,0,0,0,0,0,0,0,0,0,0,0,0,0,0,0,0,0,0,0,0,0,0,0,0,0,0,0,0,0,0,0,0,0,0,0,0,0,0,0,0,0,0,0,0,0,0,0,0,0,0,0,0
2022-03-18 04:00:00,0,0,0,1,2,2,1,0,0,0,2,0,0,3,5,5,3,0,6,7,10,10,9,9,8,6,4,6,5,6,0,0,0,0,0,0,0,0,0,0,0,0,0,0,0,0,0,0,0,0,0,0,0,0,0,0,0,0,0,0,0,0,0,0,0,0,0,0,0,0,0,0,0,0,0,0,0,0,0,0,0,0,0,0,0,0,0,0,0,0,0,0,0,0,0,0,0
2022-03-18 05:00:00,0,0,0,1,2,2,1,0,0,1,0,2,3,1,2,3,2,0,3,4,3,5,0,4,8,7,6,0,3,7,9,9,7,7,5,3,8,7,7,6,8,6,7,8,5,4,2,1,0,0,3,2,1,2,3,0,0,2,0,0,1,2,1,2,2,0,5,7,0,8,11,0,0,0,0,0,0,0,0,0,0,0,0,0,0,0,0,0,0,0,0,0,0,0,0,0,0
2022-03-18 06:00:00,0,0,1,4,4,5,3,3,2,0,0,0,0,1,1,0,0,1,2,1,0,2,1,0,1,0,1,2,2,6,8,4,2,6,5,1,2,3,4,2,2,0,3,1,0,0,1,1,0,2,3,0,1,2,3,2,4,0,5,4,9,12,14,15,8,9,9,10,9,16,6,7,5,5,7,9,7,6,5,1,1,0,1,1,0,2,1,0,2,0,0,0,0,0,0,0,0
2022-03-18 07:00:00,0,1,0,3,4,9,9,7,7,6,7,6,6,10,14,12,9,8,11,10,10,9,6,5,7,3,2,4,5,16,24,35,33,16,15,16,19,25,22,18,14,13,12,10,9,6,4,2,1,11,5,2,3,2,4,1,6,2,2,0,11,23,37,30,15,18,25,28,32,38,39,36,31,32,21,24,23,21,11,23,24,20,9,8,6,6,4,3,1,0,1,2,2,3,1,0,0
2022-03-18 08:00:00,0,0,0,6,10,13,13,7,9,6,3,2,2,5,10,10,20,19,11,7,8,7,7,6,4,7,7,7,8,18,22,28,24,23,24,24,24,30,27,24,22,20,19,14,13,8,5,3,1,10,12,11,5,3,4,4,0,0,1,1,9,15,19,17,12,15,23,29,26,26,29,30,29,29,29,25,28,23,16,11,11,10,4,3,4,4,3,3,9,3,4,4,1,2,1,0,0
2022-03-18 09:00:00,0,0,2,4,6,3,4,4,3,1,1,1,3,4,7,7,0,6,7,7,8,11,11,13,14,13,12,0,15,17,20,23,21,11,15,16,19,17,20,17,15,14,12,13,11,8,6,4,0,5,7,4,0,2,3,4,3,2,6,5,6,7,7,4,5,7,12,18,19,20,20,20,18,19,16,14,10,9,8,6,5,4,3,2,4,0,2,0,2,1,0,0,1,0,0,0,0
2022-03-18 10:00:00,0,0,0,1,3,5,5,3,2,3,0,0,2,4,5,3,4,5,4,8,8,9,10,8,10,7,9,0,8,11,14,15,13,11,13,12,13,10,15,14,13,9,9,8,7,6,4,2,1,3,3,3,4,5,8,7,8,8,9,10,6,8,12,9,5,11,12,13,10,12,11,0,10,10,9,8,6,4,3,3,2,3,0,4,1,5,0,4,3,0,0,1,0,0,0,0,0
2022-03-18 11:00:00,0,1,2,2,1,3,3,2,1,2,1,0,3,4,6,6,7,6,5,7,8,9,7,10,9,6,10,0,9,8,3,4,3,7,5,8,10,13,11,10,8,9,7,9,3,10,0,3,1,2,7,7,6,8,5,5,7,0,9,6,3,8,7,8,12,12,9,9,9,10,6,10,7,8,5,7,6,3,3,5,4,3,2,2,0,3,1,0,2,0,1,0,0,0,0,0,0
2022-03-18 12:00:00,0,1,0,2,5,6,7,4,1,0,1,0,2,2,5,5,9,0,7,9,10,11,10,10,7,7,8,8,10,17,8,14,12,11,8,10,10,12,8,6,5,0,3,0,3,1,1,1,0,2,2,1,3,0,0,1,4,4,6,5,9,11,10,10,7,6,6,7,7,10,10,9,8,7,6,3,4,0,3,3,1,0,0,2,2,0,0,4,5,2,4,2,1,0,0,0,0
2022-03-18 13:00:00,0,0,0,2,0,3,1,0,2,2,7,0,0,3,4,3,10,5,6,12,16,17,16,17,18,19,17,16,16,16,22,22,16,17,18,18,20,24,27,23,18,18,18,4,16,14,12,6,2,4,5,6,0,4,2,3,4,5,6,7,6,8,6,3,8,7,9,7,9,10,12,5,11,11,10,11,9,8,7,9,3,6,3,1,2,3,2,0,3,2,1,0,1,1,0,0,0
2022-03-18 14:00:00,0,0,0,0,3,3,6,5,4,4,5,9,2,9,11,12,9,0,14,13,14,12,13,14,13,13,14,15,16,13,14,13,12,13,15,12,12,10,8,6,5,5,4,3,3,8,7,2,1,7,10,2,9,0,0,9,8,11,9,11,10,11,8,9,11,11,10,12,13,10,11,9,10,7,9,10,10,10,9,6,1,3,0,3,0,2,3,2,1,0,0,3,2,0,0,0,0
2022-03-18 15:00:00,0,0,1,2,7,6,2,4,2,1,0,0,3,3,7,9,12,14,15,22,20,24,29,35,37,37,33,29,24,19,19,18,15,16,17,15,14,9,9,6,7,6,4,2,0,3,1,0,4,6,10,0,11,13,11,11,13,15,11,9,13,14,15,9,14,13,12,14,12,12,17,16,13,14,16,19,19,18,9,8,6,6,7,3,5,3,2,1,0,2,2,0,0,3,0,0,0
2022-03-18 16:00:00,0,2,0,3,3,4,4,4,3,3,2,3,12,15,20,21,23,22,25,21,23,23,21,23,18,20,20,15,17,17,18,17,16,11,11,12,14,16,16,10,8,4,0,0,3,2,0,0,3,12,15,11,13,16,15,17,18,20,23,24,20,20,19,17,27,18,12,14,17,18,17,13,14,12,10,7,6,7,18,13,9,9,9,10,12,6,5,2,4,3,4,2,4,2,1,0,0
2022-03-18 17:00:00,1,0,0,3,4,5,4,2,4,5,2,4,6,7,9,12,16,20,18,21,23,25,23,23,22,20,21,20,17,17,14,14,12,14,12,11,11,10,9,7,6,6,5,4,3,3,2,2,3,7,12,11,14,14,6,13,3,11,10,9,12,13,14,15,14,14,21,21,10,10,7,11,8,9,6,4,6,1,5,2,2,6,10,11,12,8,5,9,8,5,5,3,1,0,0,0,0
2022-03-18 18:00:00,1,0,2,4,6,7,7,12,9,10,9,9,7,10,16,21,29,31,28,35,36,35,37,43,39,33,39,36,30,21,19,14,12,21,24,22,15,14,13,13,11,11,11,10,6,0,8,6,5,23,28,29,30,31,31,27,27,28,29,26,22,18,19,19,17,16,13,13,21,21,23,16,12,14,11,13,25,23,2,20,11,4,3,5,4,5,3,2,8,2,7,3,2,0,0,0,0
2022-03-18 19:00:00,0,1,1,0,1,1,2,1,3,2,2,3,6,4,6,7,10,1,11,11,10,11,10,9,9,20,22,8,18,12,11,6,7,18,15,12,9,6,8,7,6,5,1,0,0,7,6,0,3,8,13,13,12,14,13,17,18,22,33,27,20,19,21,17,20,18,13,14,13,12,12,11,10,10,9,9,9,8,2,13,7,4,3,3,1,3,0,1,2,2,3,3,5,3,2,0,0
2022-03-18 20:00:00,0,1,0,0,1,4,3,2,2,4,3,0,2,3,6,5,6,7,6,7,4,8,10,11,9,9,9,8,8,8,9,11,5,17,14,13,9,6,3,0,2,4,0,2,1,0,3,2,0,7,10,6,8,7,8,9,11,12,14,13,11,10,8,8,11,10,7,5,4,5,6,7,6,7,7,5,8,6,3,4,2,2,3,1,3,5,4,4,1,2,2,2,2,3,2,0,0
2022-03-18 21:00:00,0,0,0,0,1,0,2,2,0,2,3,0,1,2,1,1,5,5,12,12,8,11,12,14,9,10,9,10,4,5,4,0,3,9,16,14,10,9,6,3,7,8,8,7,7,5,4,2,1,12,15,16,15,16,10,12,15,16,19,18,11,10,9,8,13,9,7,4,10,9,10,9,7,4,5,4,6,6,3,3,2,1,3,1,0,2,3,2,5,4,1,1,0,0,1,0,0
2022-03-18 22:00:00,0,0,0,0,0,2,2,3,2,5,5,2,0,1,3,4,6,6,7,12,3,12,15,17,18,17,18,16,13,12,11,8,6,12,12,9,5,4,5,2,1,0,0,3,0,0,2,0,1,4,0,3,3,4,3,0,0,6,6,4,6,7,0,6,7,6,8,7,5,7,6,5,2,7,10,15,17,16,0,13,3,2,1,0,0,1,0,0,0,1,5,0,3,1,0,0,0
2022-03-18 23:00:00,0,0,0,0,0,0,0,0,2,0,1,0,0,0,0,0,2,0,0,12,16,18,19,19,18,13,11,0,9,7,10,4,0,12,14,10,7,4,1,0,2,1,0,2,3,1,1,0,1,12,14,16,15,0,15,1,13,12,12,9,10,9,6,8,12,10,6,7,0,6,3,7,6,3,1,2,4,4,0,0,1,0,0,0,0,0,0,0,2,3,4,2,1,0,0,0,0
2022-03-19 00:00:00,0,0,0,0,0,0,0,0,0,0,0,0,0,0,0,0,0,0,0,0,0,0,0,0,0,0,0,0,0,0,0,0,0,0,0,0,0,0,0,0,0,0,0,0,0,0,0,0,0,0,0,0,0,0,0,0,0,0,0,0,0,0,0,0,0,0,0,0,0,0,0,0,0,0,0,0,0,0,0,0,0,0,0,0,0,0,0,0,0,0,0,0,0,0,0,0,0
2022-03-19 01:00:00,0,0,0,0,0,0,0,0,0,0,0,0,0,0,0,0,0,0,0,0,0,0,0,0,0,0,0,0,0,0,0,0,0,0,0,0,0,0,0,0,0,0,0,0,0,0,0,0,0,0,0,0,0,0,0,0,0,0,0,0,0,0,0,0,0,0,0,0,0,0,0,0,0,0,0,0,0,0,0,0,0,0,0,0,0,0,0,0,0,0,0,0,0,0,0,0,0
2022-03-19 02:00:00,0,0,0,0,0,0,0,0,0,0,0,0,0,0,0,0,0,0,0,0,0,0,0,0,0,0,0,0,0,0,0,0,0,0,0,0,0,0,0,0,0,0,0,0,0,0,0,0,0,0,0,0,0,0,0,0,0,0,0,0,0,0,0,0,0,0,0,0,0,0,0,0,0,0,0,0,0,0,0,0,0,0,0,0,0,0,0,0,0,0,0,0,0,0,0,0,0
2022-03-19 03:00:00,0,0,0,0,0,0,0,0,0,0,0,0,0,0,0,0,0,0,0,0,0,0,0,0,0,0,0,0,0,0,0,0,0,0,0,0,0,0,0,0,0,0,0,0,0,0,0,0,0,0,0,0,0,0,0,0,0,0,0,0,0,0,0,0,0,0,0,0,0,0,0,0,0,0,0,0,0,0,0,0,0,0,0,0,0,0,0,0,0,0,0,0,0,0,0,0,0
2022-03-19 04:00:00,0,0,0,1,2,0,1,0,0,0,0,0,0,2,1,2,0,0,0,3,0,0,5,0,4,0,3,3,0,0,0,0,0,0,0,0,0,0,0,0,0,0,0,0,0,0,0,0,0,0,0,0,0,0,0,0,0,0,0,0,0,0,0,0,0,0,0,0,0,0,0,0,0,0,0,0,0,0,0,0,0,0,0,0,0,0,0,0,0,0,0,0,0,0,0,0,0
2022-03-19 05:00:00,0,0,0,1,1,2,0,0,0,0,1,2,5,6,6,2,4,3,8,6,0,7,4,9,8,7,3,0,8,5,9,7,6,3,4,5,5,7,10,4,2,0,3,1,1,0,0,2,1,4,3,3,2,1,1,0,0,0,1,0,3,0,4,5,0,0,5,3,0,0,2,0,0,0,0,0,0,0,0,0,0,0,0,0,0,0,0,0,0,0,0,0,0,0,0,0,0
2022-03-19 06:00:00,0,0,1,0,1,0,0,1,0,0,0,0,0,0,1,2,3,0,0,1,0,0,0,5,4,3,1,0,1,3,4,1,3,1,0,1,1,2,1,0,1,0,0,0,1,0,0,0,0,1,0,0,0,0,2,1,3,2,3,1,5,9,10,9,3,3,3,5,4,3,4,3,0,1,3,2,0,1,0,0,1,0,0,0,0,0,0,0,1,0,0,0,0,0,0,0,0
2022-03-19 07:00:00,0,0,0,0,0,1,0,0,0,0,0,0,1,2,4,4,5,3,7,5,1,0,6,6,0,0,1,2,0,3,4,5,0,4,5,7,8,8,3,1,0,3,0,1,0,2,1,0,0,2,0,1,0,0,1,2,0,0,1,2,3,4,7,4,5,6,7,7,6,7,7,6,7,0,8,5,2,0,0,1,3,2,0,1,1,2,1,2,0,0,2,3,2,1,0,0,0
2022-03-19 08:00:00,0,0,1,1,2,3,4,2,0,1,0,0,0,3,4,0,5,1,3,4,0,2,2,3,4,2,4,7,6,10,11,11,11,9,12,13,15,19,17,16,12,7,6,6,5,3,2,1,0,3,3,0,5,2,6,6,8,6,2,3,5,8,11,8,5,7,10,12,15,13,14,15,13,11,10,10,7,6,5,4,5,4,3,0,1,0,1,0,0,0,0,0,2,0,0,0,0
2022-03-19 09:00:00,0,0,0,3,4,6,3,2,1,3,1,0,0,1,4,2,6,7,3,4,4,2,5,7,4,6,6,5,7,13,14,19,18,13,13,12,13,14,15,10,10,9,6,0,1,0,6,1,0,7,5,4,2,0,5,5,2,1,2,4,8,12,15,12,7,6,8,9,11,11,12,11,8,12,8,7,5,5,0,5,3,3,2,0,4,3,2,1,4,3,0,1,0,0,0,0,0
2022-03-19 10:00:00,0,0,0,0,2,2,5,4,2,1,2,0,2,4,9,6,6,0,5,2,4,0,4,4,0,3,4,0,0,5,6,5,7,9,8,9,10,16,20,15,13,9,10,0,6,0,4,3,2,3,0,2,0,0,0,0,1,1,1,3,8,12,14,13,8,7,7,6,6,6,4,0,8,10,8,4,5,6,5,2,3,5,5,3,1,2,2,1,2,1,2,1,0,0,0,0,0
2022-03-19 11:00:00,0,0,0,1,0,5,0,2,2,1,3,3,3,4,5,11,8,0,10,9,9,10,9,7,6,6,10,11,7,5,10,13,13,10,14,15,14,14,11,9,9,7,2,8,6,2,7,4,2,11,13,0,13,0,12,11,11,10,12,10,5,6,7,8,8,4,7,8,9,10,11,10,10,9,8,5,4,5,0,6,3,2,2,4,3,2,1,0,2,1,0,0,0,2,0,0,0
2022-03-19 12:00:00,0,1,0,1,6,10,0,9,2,1,0,0,0,4,9,10,10,0,6,12,11,13,15,16,15,11,9,0,13,12,13,12,10,11,12,13,14,17,15,12,10,8,10,8,7,6,2,1,1,5,8,12,0,10,11,9,8,7,6,8,7,12,15,13,14,4,9,10,11,7,8,10,10,14,14,14,5,0,4,2,5,4,5,4,4,5,3,4,6,3,2,0,0,1,0,0,0
2022-03-19 13:00:00,0,0,0,2,6,5,0,8,3,4,0,1,0,5,6,5,6,7,9,12,5,4,0,5,3,2,3,0,4,4,7,9,8,9,9,10,12,15,20,14,14,12,13,5,0,11,1,4,3,5,8,0,9,10,8,9,12,11,10,8,13,8,9,8,4,15,9,10,8,8,6,5,8,10,8,7,13,12,11,8,6,2,3,2,2,2,4,0,0,3,6,4,2,1,0,0,0
2022-03-19 14:00:00,0,0,0,0,1,4,5,3,2,2,0,0,1,5,6,7,13,0,4,4,11,10,13,14,16,12,11,13,15,14,13,18,0,11,8,7,7,7,11,6,4,5,7,3,0,2,1,2,1,10,20,10,18,16,14,18,15,15,15,13,17,21,20,19,18,16,16,17,18,17,18,15,10,9,7,7,5,4,0,5,0,3,2,1,2,2,0,1,5,4,2,1,0,0,0,0,0
2022-03-19 15:00:00,0,0,0,2,5,4,4,2,3,2,0,0,1,4,8,11,10,11,10,9,10,9,0,12,13,13,14,15,11,11,11,10,0,15,19,17,16,12,10,6,8,6,0,8,7,0,5,4,3,3,6,8,9,5,8,5,12,0,4,3,4,5,7,6,6,7,8,10,10,12,13,0,14,13,11,10,7,0,0,5,3,4,0,0,0,2,1,2,3,2,4,2,2,10,1,0,0
2022-03-19 16:00:00,1,0,1,0,2,0,2,1,2,3,0,1,5,3,8,10,11,14,13,16,23,21,20,19,18,15,16,13,19,21,19,18,15,12,13,13,14,13,9,6,4,5,9,7,6,5,4,3,2,9,11,12,0,0,4,10,11,9,12,9,8,9,8,7,5,6,9,10,0,9,12,0,7,16,15,10,9,4,0,3,2,1,0,3,2,2,3,0,3,0,3,0,0,2,0,1,0
2022-03-19 17:00:00,0,0,0,2,3,2,2,0,2,3,1,0,0,3,5,6,11,12,12,17,18,18,18,14,12,17,18,17,17,16,13,13,10,18,18,16,13,12,10,6,5,4,4,2,3,3,1,6,5,9,0,10,6,0,7,7,0,5,12,13,12,15,10,13,11,3,7,9,5,7,11,8,8,6,7,6,7,0,4,8,3,1,2,1,0,5,4,4,2,1,0,0,0,0,0,0,0
2022-03-19 18:00:00,0,0,1,1,0,2,3,2,1,2,3,2,2,8,10,9,8,0,6,10,10,12,10,14,8,9,17,0,8,11,11,8,11,14,15,9,7,5,7,5,3,4,6,4,4,4,0,3,5,28,30,32,31,11,0,30,29,26,30,11,23,21,19,17,13,12,10,9,7,8,0,4,0,0,5,0,3,0,2,5,2,4,3,5,0,6,7,0,7,6,1,0,0,0,0,0,0
2022-03-19 19:00:00,0,0,0,1,1,0,0,2,1,0,1,0,2,3,4,6,3,0,4,9,8,0,6,7,15,13,9,10,9,12,5,13,0,12,3,12,9,5,10,11,10,0,6,4,4,0,0,3,2,5,6,0,0,9,11,11,12,10,8,8,7,8,0,6,19,18,13,11,10,6,8,7,7,9,11,10,9,7,5,8,7,6,0,4,1,2,0,1,3,1,1,1,0,0,0,0,0
2022-03-19 20:00:00,0,0,1,1,0,3,0,2,1,0,2,0,1,0,2,2,6,0,4,6,7,4,6,5,4,4,8,7,7,2,4,5,0,9,4,5,3,1,0,2,0,4,4,2,3,2,1,0,1,8,4,5,4,0,5,6,6,6,7,8,9,7,0,13,13,8,11,8,0,8,8,6,6,4,5,4,4,0,3,2,1,0,0,0,0,1,0,1,0,0,1,0,0,2,0,0,0
2022-03-19 21:00:00,0,0,0,1,0,0,0,1,0,0,0,0,0,0,0,1,8,9,0,19,22,23,5,27,27,26,9,23,22,12,10,11,6,13,12,10,4,1,4,0,2,4,5,0,3,4,3,2,0,12,7,10,7,7,12,8,17,19,18,15,14,14,14,13,12,9,6,5,1,4,4,3,0,2,3,2,3,1,0,3,1,0,0,0,1,2,1,0,2,1,3,0,2,0,0,0,0
2022-03-19 22:00:00,0,0,1,0,1,0,0,1,2,1,0,0,2,0,1,3,2,4,4,5,7,11,12,9,6,0,11,0,8,4,4,5,5,5,6,4,3,2,0,0,0,0,4,3,4,0,1,1,2,13,13,0,0,0,0,12,10,8,13,11,9,7,4,0,14,13,6,5,5,3,3,6,6,7,7,7,11,3,0,9,2,1,1,0,0,0,1,0,2,2,1,0,1,1,0,0,0
2022-03-19 23:00:00,0,0,0,0,0,0,0,0,3,0,0,0,0,0,1,0,2,0,0,5,7,0,0,0,7,8,8,7,6,5,6,0,0,5,0,4,1,1,1,0,0,1,5,4,0,0,0,2,2,7,13,12,12,11,9,10,7,13,18,16,11,9,9,7,15,9,11,0,10,9,7,6,5,3,1,2,6,0,4,5,3,0,1,1,0,0,1,0,3,0,2,0,0,0,0,0,0
2022-03-20 00:00:00,0,0,0,0,0,0,0,0,0,0,0,0,0,0,0,0,0,0,0,0,0,0,0,0,0,0,0,0,0,0,0,0,0,0,0,0,0,0,0,0,0,0,0,0,0,0,0,0,0,0,0,0,0,0,0,0,0,0,0,0,0,0,0,0,0,0,0,0,0,0,0,0,0,0,0,0,0,0,0,0,0,0,0,0,0,0,0,0,0,0,0,0,0,0,0,0,0
2022-03-20 01:00:00,0,0,0,0,0,0,0,0,0,0,0,0,0,0,0,0,0,0,0,0,0,0,0,0,0,0,0,0,0,0,0,0,0,0,0,0,0,0,0,0,0,0,0,0,0,0,0,0,0,0,0,0,0,0,0,0,0,0,0,0,0,0,0,0,0,0,0,0,0,0,0,0,0,0,0,0,0,0,0,0,0,0,0,0,0,0,0,0,0,0,0,0,0,0,0,0,0
2022-03-20 02:00:00,0,0,0,0,0,0,0,0,0,0,0,0,0,0,0,0,0,0,0,0,0,0,0,0,0,0,0,0,0,0,0,0,0,0,0,0,0,0,0,0,0,0,0,0,0,0,0,0,0,0,0,0,0,0,0,0,0,0,0,0,0,0,0,0,0,0,0,0,0,0,0,0,0,0,0,0,0,0,0,0,0,0,0,0,0,0,0,0,0,0,0,0,0,0,0,0,0
2022-03-20 03:00:00,0,0,0,0,0,0,0,0,0,0,0,0,0,0,0,0,0,0,0,0,0,0,0,0,0,0,0,0,0,0,0,0,0,0,0,0,0,0,0,0,0,0,0,0,0,0,0,0,0,0,0,0,0,0,0,0,0,0,0,0,0,0,0,0,0,0,0,0,0,0,0,0,0,0,0,0,0,0,0,0,0,0,0,0,0,0,0,0,0,0,0,0,0,0,0,0,0
2022-03-20 04:00:00,0,0,0,0,1,0,0,1,0,0,1,0,2,3,0,5,0,0,0,7,0,0,8,0,6,0,0,0,4,0,5,0,0,6,0,0,0,0,0,0,0,0,0,0,0,0,0,0,0,0,0,0,0,0,0,0,0,0,0,0,0,0,0,0,0,0,0,0,0,0,0,0,0,0,0,0,0,0,0,0,0,0,0,0,0,0,0,0,0,0,0,0,0,0,0,0,0
2022-03-20 05:00:00,0,0,0,0,1,2,0,1,0,0,0,1,2,1,5,4,5,2,0,5,0,4,0,6,2,1,5,4,0,5,6,8,7,1,4,3,4,3,4,0,3,1,0,0,0,0,2,1,2,1,0,1,0,0,1,0,0,0,2,4,5,0,6,0,2,0,0,3,0,0,0,2,0,1,2,1,5,0,0,0,0,0,0,0,0,0,0,0,0,0,0,0,0,0,0,0,0
2022-03-20 06:00:00,0,0,0,1,1,0,0,0,0,0,0,0,0,0,2,0,6,7,6,6,7,6,1,2,0,5,4,3,4,2,4,2,1,1,1,2,2,5,4,2,0,2,1,0,0,0,1,0,0,1,1,0,0,1,0,1,0,0,0,0,0,4,0,0,4,3,3,0,0,1,2,0,0,0,3,0,0,4,1,0,0,0,1,0,0,0,0,0,0,0,0,0,0,0,0,0,0
2022-03-20 07:00:00,0,0,0,0,2,2,0,1,0,0,0,0,0,2,4,3,3,4,2,4,2,5,4,1,3,0,3,0,2,5,8,9,1,6,2,1,0,7,7,6,4,2,0,0,0,0,0,1,0,1,1,1,0,0,2,0,0,1,2,3,6,7,8,7,6,0,6,0,7,5,3,0,4,4,3,3,1,2,3,0,0,0,1,0,1,0,0,0,0,0,0,0,0,0,0,0,0
2022-03-20 08:00:00,0,0,0,2,4,5,4,3,3,0,1,0,0,3,4,3,4,5,3,4,0,5,5,1,0,1,0,3,4,7,8,7,9,10,10,9,10,13,13,10,6,7,6,5,3,0,0,2,1,2,1,0,1,0,2,1,0,2,2,3,7,9,10,11,5,5,6,7,3,8,7,0,0,6,5,5,4,4,3,4,2,2,1,1,0,1,0,0,0,0,0,0,0,0,0,0,0
2022-03-20 09:00:00,1,1,0,2,4,5,4,2,0,0,1,0,0,1,3,3,4,5,6,5,6,4,4,5,1,4,5,6,7,11,12,15,14,9,12,13,16,23,26,25,24,22,21,20,7,6,5,3,1,1,3,1,0,0,2,1,1,0,0,2,1,4,0,1,3,5,10,10,14,11,4,9,8,8,7,5,2,1,0,0,0,0,1,0,2,1,0,0,0,0,0,1,2,0,1,0,0
2022-03-20 10:00:00,0,0,0,0,3,5,5,2,3,2,1,0,0,2,3,3,0,0,0,0,2,1,3,3,1,2,3,0,4,5,5,7,5,9,9,8,6,5,7,6,5,0,4,3,0,4,18,12,6,2,4,0,0,0,0,0,1,2,1,1,3,17,18,19,10,6,11,13,12,4,0,11,0,10,9,3,2,1,0,1,1,0,0,0,0,0,0,0,0,0,0,0,1,0,0,0,0
2022-03-20 11:00:00,0,0,0,0,2,2,3,2,2,0,4,0,1,5,3,3,0,0,0,0,0,5,8,10,6,4,5,4,6,5,7,10,11,8,10,10,12,12,14,11,9,3,0,4,3,0,1,0,0,3,7,6,4,0,0,1,6,0,9,6,4,3,0,3,4,3,6,0,0,10,7,8,7,8,8,6,5,3,2,0,2,0,2,3,6,5,2,1,0,0,0,0,2,0,0,0,0
2022-03-20 12:00:00,0,0,0,3,5,0,0,2,0,2,0,0,3,5,6,5,9,7,12,13,14,13,10,11,8,8,8,0,8,8,7,9,0,3,10,8,9,11,18,17,12,17,15,0,13,14,0,4,4,5,8,2,3,2,3,3,3,0,2,1,3,4,6,5,4,5,5,6,7,5,3,0,8,0,5,7,3,2,0,2,0,1,0,0,0,1,0,0,0,0,0,1,0,0,0,0,0
2022-03-20 13:00:00,0,0,0,1,0,1,0,0,0,3,3,0,4,6,11,12,16,19,18,15,17,16,14,0,15,13,12,0,11,12,9,13,11,11,5,0,9,9,11,12,0,11,12,11,10,11,10,6,4,9,13,15,14,13,7,14,11,11,12,10,7,9,10,9,8,7,5,7,2,9,9,11,9,9,7,6,2,0,0,1,0,0,1,0,0,1,0,0,2,0,1,0,0,0,0,0,0
2022-03-20 14:00:00,0,0,0,2,3,4,2,1,0,1,2,0,1,3,4,4,7,0,8,13,12,11,13,13,13,13,11,10,5,11,9,8,0,7,8,7,6,10,6,5,0,4,3,0,2,3,0,4,0,14,15,16,17,18,19,17,17,0,15,15,13,16,16,15,14,12,11,10,11,11,12,8,11,12,11,10,8,7,5,2,0,0,2,2,2,0,3,1,0,0,1,0,0,0,0,0,0
2022-03-20 15:00:00,1,1,0,0,2,2,1,0,2,3,2,3,2,0,7,8,7,0,6,10,12,10,13,14,15,18,20,9,20,13,12,13,12,9,10,9,7,7,7,6,7,1,5,6,0,2,5,3,0,7,6,5,6,7,8,7,7,7,8,5,6,5,0,4,8,8,10,0,12,12,11,10,11,9,10,9,9,7,4,4,2,3,3,2,3,2,0,1,2,0,0,0,0,0,0,0,0
2022-03-20 16:00:00,0,0,0,2,0,0,0,2,1,1,3,2,0,1,5,0,12,11,8,11,11,9,12,13,14,11,8,10,10,11,13,12,9,12,11,7,8,7,10,6,5,8,7,5,0,6,5,5,4,9,10,11,12,13,16,13,20,19,17,13,15,15,14,10,12,10,13,13,14,12,15,13,11,16,11,15,9,8,7,4,1,0,0,0,0,0,0,0,4,3,2,0,0,0,0,0,0
2022-03-20 17:00:00,0,0,0,0,5,0,5,4,0,1,0,0,1,0,3,1,2,1,1,8,3,4,3,4,0,3,4,0,3,5,2,3,8,13,14,12,11,10,9,12,10,7,6,5,0,6,5,4,4,15,16,17,16,0,0,13,13,14,15,16,13,16,15,14,12,10,7,9,7,5,5,6,5,4,7,6,5,2,1,5,2,0,2,4,0,0,4,3,0,2,3,0,1,0,0,0,0
2022-03-20 18:00:00,0,0,1,0,3,0,0,3,1,2,4,3,0,2,4,3,4,0,5,9,7,3,8,7,8,7,9,0,9,7,8,0,5,9,11,8,5,3,6,1,7,4,4,4,0,5,5,4,4,21,22,9,21,22,23,18,20,21,19,17,14,13,10,12,18,16,12,11,11,8,0,7,7,3,7,3,8,7,5,8,3,0,0,0,0,0,0,0,2,0,0,0,1,0,0,0,0
2022-03-20 19:00:00,0,0,0,1,0,2,3,0,2,1,0,1,2,3,2,3,6,5,3,5,0,7,4,8,0,3,7,6,7,8,4,7,7,8,9,8,6,6,7,7,9,1,6,0,0,5,0,3,1,7,11,12,13,12,8,6,9,10,10,9,6,4,9,0,11,8,7,0,0,0,9,6,8,11,11,10,5,0,2,3,3,2,1,2,1,0,0,1,4,0,0,1,0,0,0,0,0
2022-03-20 20:00:00,0,0,0,1,0,2,0,0,0,1,0,0,2,5,1,2,7,7,5,16,11,11,12,13,12,9,12,13,3,0,10,2,8,10,11,8,9,8,9,7,8,6,5,2,1,0,0,0,0,8,10,1,0,0,2,9,5,0,8,6,3,0,0,5,12,9,7,4,3,0,9,8,3,3,4,5,5,0,1,1,0,0,0,0,0,0,0,2,1,2,1,1,0,0,0,0,0
2022-03-20 21:00:00,0,0,0,0,2,0,0,1,0,0,0,0,0,0,0,3,4,2,3,10,14,15,9,10,9,8,9,0,7,7,2,6,0,11,12,8,6,7,6,4,0,3,2,0,0,0,0,0,0,9,10,9,10,11,9,8,12,12,12,11,7,5,4,5,7,6,6,2,0,1,7,0,4,5,1,0,11,10,8,6,2,1,0,0,0,0,1,1,2,2,2,0,1,0,1,0,0
2022-03-20 22:00:00,0,0,0,0,0,0,0,2,0,2,1,0,0,0,1,0,0,5,4,18,20,1,24,24,3,21,21,18,13,0,12,8,7,7,6,4,3,1,2,2,3,0,3,0,0,4,3,1,1,15,17,18,19,18,16,13,13,10,23,23,15,14,8,12,13,9,5,5,4,3,5,0,6,7,7,6,11,3,7,14,5,2,1,0,0,1,0,0,1,0,1,0,0,0,0,0,0
2022-03-20 23:00:00,0,0,0,0,0,0,0,0,1,0,0,0,0,3,4,0,0,0,0,5,0,6,4,0,0,0,6,1,0,5,3,2,0,8,11,7,4,3,0,0,0,0,0,1,0,0,0,0,0,1,0,2,0,3,0,0,4,0,7,8,6,5,3,5,7,3,4,0,0,3,3,0,2,3,0,0,2,0,0,5,2,0,0,1,0,0,0,0,1,0,2,0,0,0,0,0,0
2022-03-21 00:00:00,0,0,0,0,0,0,0,0,0,0,0,0,0,0,0,0,0,0,0,0,0,0,0,0,0,0,0,0,0,0,0,0,0,0,0,0,0,0,0,0,0,0,0,0,0,0,0,0,0,0,0,0,0,0,0,0,0,0,0,0,0,0,0,0,0,0,0,0,0,0,0,0,0,0,0,0,0,0,0,0,0,0,0,0,0,0,0,0,0,0,0,0,0,0,0,0,0
2022-03-21 01:00:00,0,0,0,0,0,0,0,0,0,0,0,0,0,0,0,0,0,0,0,0,0,0,0,0,0,0,0,0,0,0,0,0,0,0,0,0,0,0,0,0,0,0,0,0,0,0,0,0,0,0,0,0,0,0,0,0,0,0,0,0,0,0,0,0,0,0,0,0,0,0,0,0,0,0,0,0,0,0,0,0,0,0,0,0,0,0,0,0,0,0,0,0,0,0,0,0,0
2022-03-21 02:00:00,0,0,0,0,0,0,0,0,0,0,0,0,0,0,0,0,0,0,0,0,0,0,0,0,0,0,0,0,0,0,0,0,0,0,0,0,0,0,0,0,0,0,0,0,0,0,0,0,0,0,0,0,0,0,0,0,0,0,0,0,0,0,0,0,0,0,0,0,0,0,0,0,0,0,0,0,0,0,0,0,0,0,0,0,0,0,0,0,0,0,0,0,0,0,0,0,0
2022-03-21 03:00:00,0,0,0,0,0,0,0,0,0,0,0,0,0,0,0,0,0,0,0,0,0,0,0,0,0,0,0,0,0,0,0,0,0,0,0,0,0,0,0,0,0,0,0,0,0,0,0,0,0,0,0,0,0,0,0,0,0,0,0,0,0,0,0,0,0,0,0,0,0,0,0,0,0,0,0,0,0,0,0,0,0,0,0,0,0,0,0,0,0,0,0,0,0,0,0,0,0
2022-03-21 04:00:00,0,0,0,1,2,0,1,0,0,0,2,0,1,0,3,3,0,4,4,3,0,5,6,7,0,5,4,3,0,0,0,0,0,4,4,0,0,0,0,0,0,0,0,0,0,0,0,0,0,0,0,0,0,0,0,0,0,0,0,0,0,0,0,0,0,0,0,0,0,0,0,0,0,0,0,0,0,0,0,0,0,0,0,0,0,0,0,0,0,0,0,0,0,0,0,0,0
2022-03-21 05:00:00,0,0,1,2,2,3,4,0,1,0,1,2,0,1,4,1,1,2,6,2,3,7,8,9,6,2,3,0,4,7,8,7,5,5,6,7,3,11,10,8,5,0,4,1,2,0,2,0,1,3,2,1,1,0,2,0,0,0,1,0,0,0,1,0,0,2,3,5,4,2,0,0,0,0,0,0,0,0,0,0,0,0,0,0,0,0,0,0,0,0,0,0,0,0,0,0,0
2022-03-21 06:00:00,0,0,0,2,2,3,1,1,0,1,0,0,1,2,2,1,2,0,1,1,0,1,0,3,2,0,1,2,4,8,11,17,13,3,4,5,9,10,11,10,2,3,2,5,4,0,1,3,1,1,2,3,1,2,4,3,5,3,5,0,8,12,15,13,6,5,6,11,11,20,10,7,7,5,6,5,4,3,3,1,1,0,1,2,0,3,2,1,1,0,2,1,0,0,0,0,0
2022-03-21 07:00:00,0,0,0,4,5,10,10,7,7,8,10,9,6,12,15,14,15,16,16,16,14,7,6,5,5,4,4,5,4,14,19,26,20,10,12,14,19,30,34,22,19,19,20,16,13,12,7,3,1,5,6,3,6,2,2,2,0,1,3,3,11,18,24,21,16,20,24,31,33,29,29,30,28,28,24,25,29,26,19,28,28,20,8,8,4,7,5,3,1,0,0,3,2,4,2,0,0
2022-03-21 08:00:00,0,0,0,5,7,12,12,9,9,7,4,4,3,9,14,9,11,12,14,14,10,11,10,9,7,7,10,11,10,20,33,42,32,19,17,17,18,20,16,10,15,13,11,11,10,8,5,4,1,19,17,12,8,6,6,6,6,4,6,8,18,36,40,35,20,23,32,36,37,36,38,37,38,18,32,31,24,17,12,10,7,5,4,4,5,6,4,1,4,2,6,5,1,3,0,0,0
2022-03-21 09:00:00,0,0,0,4,6,7,7,4,3,3,0,0,0,5,6,4,5,7,6,5,7,7,10,11,8,7,7,7,9,7,9,12,11,9,7,6,8,25,24,14,13,12,5,10,8,7,1,3,0,13,14,11,6,5,5,6,5,0,6,4,11,20,23,19,17,18,20,24,25,18,18,18,15,15,12,12,7,6,2,3,4,0,4,4,2,1,0,1,6,0,2,1,0,0,0,0,0
2022-03-21 10:00:00,1,0,2,4,9,10,10,4,1,0,1,0,0,1,5,6,0,0,7,4,5,8,8,11,4,12,10,0,8,9,11,15,15,19,18,16,14,20,17,11,10,9,7,6,5,3,4,1,0,3,3,4,5,0,2,5,6,4,5,0,8,10,12,10,10,8,8,8,9,8,8,6,7,5,4,3,4,0,0,3,2,3,0,3,2,0,0,0,2,1,0,1,2,1,1,0,0
2022-03-21 11:00:00,0,0,2,0,1,4,5,3,2,1,0,0,0,3,7,4,10,0,9,11,13,13,13,16,16,17,17,13,13,15,16,15,9,11,12,7,6,6,9,6,5,3,5,4,3,1,6,3,1,4,6,0,0,5,7,6,7,8,8,7,12,15,17,15,15,16,14,13,0,12,8,13,13,10,8,6,7,1,7,5,3,2,0,1,0,2,0,0,4,5,0,0,2,0,1,0,0
2022-03-21 12:00:00,0,1,0,2,3,4,3,1,1,1,1,2,3,2,2,3,4,6,6,8,11,12,10,9,7,9,11,4,12,7,8,0,6,12,15,14,14,14,16,7,1,6,3,5,6,3,5,1,1,3,6,4,4,0,7,7,5,6,9,9,12,15,16,11,14,11,12,15,16,22,21,20,17,18,18,14,9,4,5,6,6,5,2,0,3,3,4,3,5,6,5,4,1,2,0,0,0
2022-03-21 13:00:00,1,0,1,1,4,5,6,1,2,1,2,0,0,3,5,6,6,0,1,9,0,8,6,7,5,7,9,0,7,10,11,13,4,14,9,7,8,9,7,6,1,6,5,4,5,6,2,5,5,9,8,10,11,12,1,10,11,6,13,9,8,12,13,12,17,16,16,15,17,16,17,19,17,15,15,15,12,8,7,4,2,0,1,0,2,1,3,0,1,1,2,0,1,0,0,0,0
2022-03-21 14:00:00,0,0,0,1,2,1,0,1,1,0,5,0,6,2,8,9,11,10,7,10,11,13,13,12,13,13,13,11,10,10,11,0,9,11,10,8,8,9,9,8,7,5,2,4,1,4,3,0,0,2,4,0,3,6,6,7,6,6,9,0,10,11,0,10,12,13,14,18,18,7,18,17,15,14,13,12,10,10,8,4,5,4,0,3,2,3,0,1,3,4,5,2,1,0,0,0,0
2022-03-21 15:00:00,0,0,0,2,0,3,3,4,3,3,3,4,29,30,31,31,31,31,28,24,25,26,24,28,29,26,25,25,24,18,16,12,10,8,10,9,9,6,13,11,10,4,8,0,0,7,6,1,0,15,14,13,11,9,9,10,11,10,12,11,11,15,15,15,18,11,14,13,14,13,14,12,10,12,20,18,8,8,0,8,5,2,5,1,5,7,5,4,4,4,1,0,0,0,0,0,0
2022-03-21 16:00:00,0,0,1,1,2,0,0,3,4,3,2,0,2,8,12,8,14,10,14,21,21,21,23,33,28,32,26,20,25,16,14,17,7,13,10,7,10,11,10,11,7,8,0,7,5,5,3,4,2,7,13,12,11,16,20,19,23,17,21,17,15,15,16,15,17,15,15,14,15,14,16,12,10,13,14,16,17,18,16,13,13,12,12,9,9,5,4,0,6,4,4,3,0,2,1,1,0
2022-03-21 17:00:00,0,2,3,5,2,0,4,1,5,6,5,3,6,5,8,10,13,4,19,21,21,22,19,20,17,14,14,15,11,10,9,9,5,13,12,12,10,14,13,7,5,6,6,3,8,7,6,3,3,6,10,12,13,17,18,18,20,22,27,23,21,24,25,22,20,16,12,14,12,13,16,17,15,15,11,14,15,14,0,16,8,7,4,7,6,4,5,1,2,2,4,1,2,2,6,0,0
2022-03-21 18:00:00,2,2,5,6,8,8,8,7,7,6,2,3,6,8,14,21,35,35,36,39,41,40,40,42,41,33,29,28,23,19,18,19,18,26,29,22,13,10,11,10,10,11,10,10,12,14,12,5,5,12,17,9,21,28,29,30,28,28,37,34,26,21,22,15,39,32,16,14,15,11,13,12,11,15,14,15,10,5,7,4,5,3,0,6,9,9,8,7,9,5,4,1,0,0,0,0,0
2022-03-21 19:00:00,1,0,0,3,3,5,4,3,2,3,5,2,4,3,8,12,17,18,15,19,22,23,23,25,27,26,23,17,17,15,12,10,8,13,13,10,6,6,8,6,2,6,7,4,3,3,1,0,0,4,4,6,6,8,6,11,13,15,21,23,14,14,18,17,12,11,11,12,12,12,0,3,10,8,7,6,10,6,0,9,14,10,1,3,3,4,3,1,4,5,4,3,1,1,0,0,0
2022-03-21 20:00:00,0,0,1,0,2,0,4,3,2,5,4,1,3,0,2,4,7,7,9,8,11,13,14,10,13,11,11,10,8,6,7,6,0,6,6,3,3,2,1,0,1,0,1,2,0,2,0,1,1,7,10,12,12,14,14,8,6,10,15,8,11,11,8,10,17,13,6,6,5,8,10,11,8,8,8,6,8,7,5,10,3,2,1,0,2,3,2,1,2,2,1,2,0,0,0,0,0
2022-03-21 21:00:00,0,0,0,0,1,2,1,1,2,3,4,0,4,2,1,3,10,14,12,19,18,18,17,19,13,13,11,12,10,7,9,8,0,9,13,9,5,5,7,5,7,9,7,4,0,3,1,0,0,8,11,12,10,13,11,13,15,18,22,22,20,17,9,16,18,13,5,4,0,5,6,6,7,7,5,5,12,4,12,11,6,5,2,3,0,2,3,3,5,4,3,3,1,2,0,0,0
2022-03-21 22:00:00,0,0,0,1,0,0,2,0,1,3,3,2,0,1,0,3,7,2,6,9,10,10,11,11,13,14,10,9,6,5,7,4,6,10,0,6,3,4,2,0,1,10,19,13,11,6,0,3,2,8,7,8,8,0,11,11,17,23,25,24,17,13,12,11,11,10,9,5,6,6,6,7,6,7,7,8,9,1,0,8,4,2,2,0,0,0,0,1,3,4,3,1,0,0,0,0,0
2022-03-21 23:00:00,0,0,0,0,0,0,0,0,0,4,0,0,0,5,2,0,3,4,0,3,0,4,3,8,0,0,4,9,0,3,2,0,0,10,9,3,4,2,2,0,1,2,2,1,0,0,3,2,2,6,10,4,1,9,0,0,10,8,13,12,10,8,7,5,14,13,10,6,6,6,3,5,4,4,3,4,6,1,4,4,4,2,1,0,0,1,1,0,1,0,2,1,0,0,0,1,0
2022-03-22 00:00:00,0,0,0,0,0,0,0,0,0,0,0,0,0,0,0,0,0,0,0,0,0,0,0,0,0,0,0,0,0,0,0,0,0,0,0,0,0,0,0,0,0,0,0,0,0,0,0,0,0,0,0,0,0,0,0,0,0,0,0,0,0,0,0,0,0,0,0,0,0,0,0,0,0,0,0,0,0,0,0,0,0,0,0,0,0,0,0,0,0,0,0,0,0,0,0,0,0
2022-03-22 01:00:00,0,0,0,0,0,0,0,0,0,0,0,0,0,0,0,0,0,0,0,0,0,0,0,0,0,0,0,0,0,0,0,0,0,0,0,0,0,0,0,0,0,0,0,0,0,0,0,0,0,0,0,0,0,0,0,0,0,0,0,0,0,0,0,0,0,0,0,0,0,0,0,0,0,0,0,0,0,0,0,0,0,0,0,0,0,0,0,0,0,0,0,0,0,0,0,0,0
2022-03-22 02:00:00,0,0,0,0,0,0,0,0,0,0,0,0,0,0,0,0,0,0,0,0,0,0,0,0,0,0,0,0,0,0,0,0,0,0,0,0,0,0,0,0,0,0,0,0,0,0,0,0,0,0,0,0,0,0,0,0,0,0,0,0,0,0,0,0,0,0,0,0,0,0,0,0,0,0,0,0,0,0,0,0,0,0,0,0,0,0,0,0,0,0,0,0,0,0,0,0,0
2022-03-22 03:00:00,0,0,0,0,0,0,0,0,0,0,0,0,0,0,0,0,0,0,0,0,0,0,0,0,0,0,0,0,0,0,0,0,0,0,0,0,0,0,0,0,0,0,0,0,0,0,0,0,0,0,0,0,0,0,0,0,0,0,0,0,0,0,0,0,0,0,0,0,0,0,0,0,0,0,0,0,0,0,0,0,0,0,0,0,0,0,0,0,0,0,0,0,0,0,0,0,0
2022-03-22 04:00:00,0,0,0,1,2,3,0,2,1,3,3,0,0,1,4,5,6,0,7,0,8,9,0,10,11,8,10,11,0,11,0,0,10,0,0,0,0,0,0,0,0,0,0,0,0,0,0,0,0,0,0,0,0,0,0,0,0,0,0,0,0,0,0,0,0,0,0,0,0,0,0,0,0,0,0,0,0,0,0,0,0,0,0,0,0,0,0,0,0,0,0,0,0,0,0,0,0
2022-03-22 05:00:00,0,0,0,1,3,1,0,1,1,1,0,2,3,1,4,5,5,5,8,7,4,9,9,9,7,6,2,5,6,8,8,12,11,11,11,12,5,14,8,13,11,7,7,6,7,6,5,2,0,1,2,0,0,0,2,3,0,0,2,1,0,0,2,0,3,3,4,5,0,4,4,0,0,0,0,0,0,0,0,0,0,0,0,0,0,0,0,0,0,0,0,0,0,0,0,0,0
2022-03-22 06:00:00,0,0,0,2,1,1,1,1,0,0,0,0,0,1,3,3,5,3,6,5,2,6,5,0,0,5,5,2,4,9,13,14,12,6,5,7,9,11,8,9,8,0,6,7,4,5,2,2,1,1,1,2,0,1,1,0,2,3,2,0,6,10,12,5,8,5,6,7,0,5,5,5,4,6,7,7,5,2,3,1,1,2,0,2,3,0,2,0,0,0,0,0,0,0,0,0,0
2022-03-22 07:00:00,0,0,0,3,5,14,14,8,6,5,6,4,3,9,13,11,18,16,10,10,8,9,8,7,0,7,5,6,6,16,27,34,25,13,14,15,14,25,34,13,10,10,9,8,6,0,4,1,0,9,10,10,7,3,2,0,0,1,1,1,12,22,29,25,11,12,24,33,34,29,33,28,29,26,24,27,28,26,27,27,27,15,7,6,4,4,3,3,2,2,3,0,2,1,0,0,0
2022-03-22 08:00:00,0,1,0,6,10,13,13,9,9,6,6,5,6,9,12,14,15,14,13,6,5,10,8,9,9,7,9,10,9,19,22,27,27,22,19,16,15,23,30,16,15,14,22,24,23,17,14,7,2,27,23,20,16,13,11,9,7,7,9,6,16,32,38,27,11,12,29,31,29,22,18,20,17,19,21,20,23,17,13,12,11,7,6,3,4,4,5,4,8,1,3,2,2,1,1,0,0
2022-03-22 09:00:00,1,0,0,3,5,8,9,9,5,4,2,1,1,4,11,1,10,1,12,6,4,6,7,8,10,7,6,0,6,10,13,18,18,12,10,13,14,21,22,15,14,15,15,14,8,6,5,3,4,6,4,3,4,5,1,4,2,2,6,5,6,8,11,12,5,10,18,21,22,20,21,19,20,19,18,13,10,7,7,5,4,0,4,3,4,3,2,3,4,0,2,3,1,0,1,0,0
2022-03-22 10:00:00,0,0,2,3,6,7,4,1,2,1,2,2,1,4,5,3,0,0,4,2,3,6,7,0,7,9,7,7,8,6,6,7,8,8,9,13,13,15,14,8,5,0,0,4,1,0,3,3,1,3,3,7,5,1,7,4,6,6,6,2,7,9,10,9,9,8,8,9,10,9,10,11,3,8,9,8,4,3,0,3,4,3,1,4,1,3,2,1,3,1,0,0,1,1,0,0,0
2022-03-22 11:00:00,0,0,1,0,0,1,0,0,0,1,1,0,2,4,6,9,9,9,8,8,9,4,8,9,7,8,9,0,8,6,7,9,0,12,11,8,7,5,4,3,3,2,0,0,0,3,4,2,0,1,1,0,1,3,2,2,4,3,9,8,11,12,12,11,8,8,5,7,8,9,8,8,7,6,7,5,5,4,3,3,2,0,1,1,2,3,2,2,3,2,3,1,1,0,0,0,0
2022-03-22 12:00:00,0,1,0,3,5,6,8,6,4,2,1,2,3,2,4,5,7,6,7,11,12,12,11,13,12,11,9,10,12,11,15,17,15,14,12,9,6,11,11,9,6,6,3,4,5,2,1,0,0,6,8,12,12,10,8,10,14,14,14,12,14,13,14,13,13,12,17,17,17,15,16,15,13,14,11,12,10,7,4,2,3,2,0,1,1,1,2,2,2,3,2,1,2,0,1,0,0
2022-03-22 13:00:00,0,0,2,0,4,5,4,4,3,1,0,0,2,0,5,6,7,9,8,9,10,10,9,13,12,12,12,10,11,14,15,16,15,17,19,20,22,25,16,13,10,9,8,7,5,4,2,1,0,7,7,8,8,8,5,7,8,8,10,9,14,12,15,14,11,8,7,9,11,11,12,8,13,13,12,12,10,10,9,7,6,3,2,2,0,1,0,0,2,0,1,3,1,2,1,0,0
2022-03-22 14:00:00,0,0,0,2,1,2,0,1,0,1,6,4,5,7,8,9,13,9,11,16,19,22,10,23,24,23,24,22,20,6,5,5,5,4,7,12,15,17,18,12,10,9,7,0,2,5,0,3,2,6,2,0,3,0,7,7,4,3,11,8,10,10,12,7,9,6,12,11,13,11,10,9,10,8,8,7,6,5,0,2,7,6,4,3,2,3,4,3,2,1,0,1,0,5,0,0,0
2022-03-22 15:00:00,1,0,0,3,5,8,0,7,2,4,0,1,5,4,7,6,5,7,7,9,10,11,11,21,18,16,15,16,13,15,13,12,11,13,12,10,8,6,5,2,0,4,2,6,5,2,3,0,0,5,9,11,12,9,12,13,14,17,17,16,17,18,18,16,16,12,10,9,7,14,6,12,10,15,16,7,14,13,12,6,6,5,0,7,4,2,0,5,4,5,4,2,1,1,0,0,0
2022-03-22 16:00:00,0,1,0,5,1,1,5,7,6,4,5,2,10,17,19,21,25,26,30,30,29,30,28,29,26,20,22,17,19,19,21,19,16,18,16,15,12,8,12,9,12,9,13,11,9,9,7,5,3,10,13,0,14,11,15,12,16,16,15,13,14,13,14,13,7,9,8,8,9,7,9,0,10,10,11,6,11,10,7,6,4,3,5,6,7,6,5,4,3,3,1,1,0,0,0,0,0
2022-03-22 17:00:00,1,3,5,8,9,10,6,4,4,3,4,3,6,13,13,14,14,15,14,18,20,20,18,18,17,15,14,12,11,14,15,10,5,8,9,8,7,5,4,3,0,4,2,1,0,2,1,0,3,8,12,13,14,15,15,14,14,15,19,14,11,12,14,16,18,14,9,8,8,6,7,7,1,2,5,7,5,6,3,5,5,4,7,5,6,4,4,5,6,6,4,1,1,0,1,0,0
2022-03-22 18:00:00,1,1,3,4,7,5,9,11,9,8,11,6,13,17,18,26,39,41,46,37,39,38,37,36,33,26,29,25,21,17,17,16,16,29,25,22,20,15,17,13,4,11,10,8,2,5,7,5,7,18,23,26,27,26,24,24,16,25,25,26,17,16,15,15,31,22,15,10,9,11,9,10,11,12,9,8,13,13,12,18,6,4,6,8,8,11,9,5,13,14,13,5,3,0,0,0,0
2022-03-22 19:00:00,0,0,1,0,2,4,0,2,2,2,11,12,13,11,13,12,18,19,20,24,25,21,20,19,20,18,15,11,14,10,10,5,4,14,15,12,9,7,7,5,3,0,2,1,2,3,0,1,2,13,14,16,17,18,18,19,22,27,32,27,14,13,16,15,13,12,10,6,10,8,9,8,8,6,6,7,6,4,0,4,2,0,2,0,1,3,0,3,5,6,5,3,4,3,1,0,0
2022-03-22 20:00:00,0,0,1,0,2,3,4,2,0,1,1,0,0,2,3,5,9,10,10,9,9,10,11,10,11,10,10,9,8,7,13,4,12,17,16,13,9,5,5,6,4,5,2,3,2,3,1,1,1,11,13,14,7,15,10,9,18,19,27,24,14,10,11,9,15,12,12,2,4,8,9,4,8,8,9,5,11,5,4,7,4,2,1,1,2,2,1,1,0,0,2,1,0,2,0,0,0
2022-03-22 21:00:00,0,0,0,0,1,0,0,2,0,3,0,2,5,3,4,4,6,4,3,8,6,7,6,12,13,12,10,9,8,5,7,8,9,14,14,8,7,6,0,0,5,4,6,7,5,3,1,0,0,14,16,18,16,17,17,18,21,21,27,23,16,15,12,11,17,12,7,5,6,4,5,5,5,7,6,0,8,8,7,6,3,2,0,1,2,0,2,0,2,3,0,1,0,0,0,0,0
2022-03-22 22:00:00,0,0,1,0,1,0,0,1,0,5,3,0,0,3,4,7,8,5,4,13,14,16,11,17,13,12,11,9,10,12,10,9,4,8,9,6,5,1,3,2,1,2,3,2,1,1,0,0,1,6,11,6,12,7,11,9,11,21,29,31,20,17,14,13,12,11,5,5,1,4,5,7,8,9,22,27,27,23,20,21,10,5,4,1,0,1,0,0,2,3,1,0,3,0,1,0,0
2022-03-22 23:00:00,0,0,0,0,0,0,0,0,2,4,0,0,3,4,0,0,0,0,0,6,10,10,11,10,9,5,5,3,8,6,7,0,6,9,3,8,5,3,1,2,3,5,3,5,5,4,2,1,3,11,16,14,4,0,15,21,28,28,30,23,17,16,12,10,18,13,9,8,6,6,6,3,2,5,4,3,5,6,2,4,2,1,2,0,1,2,0,0,4,2,2,1,0,0,0,0,0
2022-03-23 00:00:00,0,0,0,0,0,0,0,0,0,0,0,0,0,0,0,0,0,0,0,0,0,0,0,0,0,0,0,0,0,0,0,0,0,0,0,0,0,0,0,0,0,0,0,0,0,0,0,0,0,0,0,0,0,0,0,0,0,0,0,0,0,0,0,0,0,0,0,0,0,0,0,0,0,0,0,0,0,0,0,0,0,0,0,0,0,0,0,0,0,0,0,0,0,0,0,0,0
2022-03-23 01:00:00,0,0,0,0,0,0,0,0,0,0,0,0,0,0,0,0,0,0,0,0,0,0,0,0,0,0,0,0,0,0,0,0,0,0,0,0,0,0,0,0,0,0,0,0,0,0,0,0,0,0,0,0,0,0,0,0,0,0,0,0,0,0,0,0,0,0,0,0,0,0,0,0,0,0,0,0,0,0,0,0,0,0,0,0,0,0,0,0,0,0,0,0,0,0,0,0,0
2022-03-23 02:00:00,0,0,0,0,0,0,0,0,0,0,0,0,0,0,0,0,0,0,0,0,0,0,0,0,0,0,0,0,0,0,0,0,0,0,0,0,0,0,0,0,0,0,0,0,0,0,0,0,0,0,0,0,0,0,0,0,0,0,0,0,0,0,0,0,0,0,0,0,0,0,0,0,0,0,0,0,0,0,0,0,0,0,0,0,0,0,0,0,0,0,0,0,0,0,0,0,0
2022-03-23 03:00:00,0,0,0,0,0,0,0,0,0,0,0,0,0,0,0,0,0,0,0,0,0,0,0,0,0,0,0,0,0,0,0,0,0,0,0,0,0,0,0,0,0,0,0,0,0,0,0,0,0,0,0,0,0,0,0,0,0,0,0,0,0,0,0,0,0,0,0,0,0,0,0,0,0,0,0,0,0,0,0,0,0,0,0,0,0,0,0,0,0,0,0,0,0,0,0,0,0
2022-03-23 04:00:00,0,0,0,1,1,2,0,1,0,0,3,0,0,0,4,3,4,3,3,1,4,4,7,8,0,8,7,8,0,0,0,0,0,5,0,0,0,0,0,0,0,0,0,0,0,0,0,0,0,0,0,0,0,0,0,0,0,0,0,0,0,0,0,0,0,0,0,0,0,0,0,0,0,0,0,0,0,0,0,0,0,0,0,0,0,0,0,0,0,0,0,0,0,0,0,0,0
2022-03-23 05:00:00,0,0,0,2,4,5,4,1,1,0,0,2,1,4,4,2,4,5,6,5,4,5,4,5,6,3,3,0,4,8,10,10,9,6,5,6,6,7,7,6,4,4,5,1,2,5,0,2,1,1,4,0,2,1,4,5,0,2,3,4,7,8,3,0,0,0,5,8,0,5,5,0,0,6,0,0,0,0,0,0,0,0,0,0,0,0,0,0,0,0,0,0,0,0,0,0,0
2022-03-23 06:00:00,0,0,0,2,3,3,2,0,1,0,0,0,0,3,3,4,5,3,4,3,2,1,2,4,3,1,1,0,2,9,13,15,9,7,6,7,8,11,12,9,0,0,7,5,1,0,2,1,1,1,2,4,3,0,0,2,2,0,1,0,4,5,6,7,7,5,9,8,9,8,7,8,7,6,5,6,5,6,5,3,1,2,3,3,2,2,2,1,0,0,0,1,0,0,0,0,0
2022-03-23 07:00:00,0,1,0,4,5,10,10,8,8,6,4,5,3,6,10,8,9,9,8,5,9,5,2,5,7,5,5,4,5,12,25,30,28,24,6,10,11,18,19,13,8,11,9,8,8,8,5,3,1,2,4,4,5,0,5,1,7,10,14,1,8,16,26,18,12,13,25,26,28,31,32,30,28,31,25,28,28,25,21,23,22,17,6,5,4,2,2,0,0,0,0,2,1,2,1,0,0
2022-03-23 08:00:00,0,0,1,6,10,14,14,13,9,7,7,6,4,8,7,8,12,11,9,8,9,10,8,7,8,6,8,8,9,12,13,19,16,14,14,19,23,31,34,27,12,26,23,19,13,12,9,7,1,12,12,9,7,4,3,4,0,3,6,12,22,35,43,34,14,16,27,33,33,24,30,24,29,28,27,26,22,20,16,13,10,9,5,1,6,5,6,5,7,4,5,5,0,4,1,0,0
2022-03-23 09:00:00,0,0,0,3,5,3,3,3,4,1,0,1,1,3,5,6,8,7,4,4,3,6,7,4,9,10,5,7,6,10,11,11,8,10,11,12,13,13,12,7,12,12,10,6,9,8,4,1,0,4,4,1,0,2,0,3,5,0,7,5,6,10,13,7,8,10,15,19,18,16,13,17,18,17,18,13,9,7,6,4,3,2,2,4,3,1,0,2,4,1,1,3,2,1,1,0,0
2022-03-23 10:00:00,0,0,0,2,1,1,2,1,0,2,0,1,3,4,5,4,6,7,9,7,5,9,8,3,8,8,11,0,10,8,9,3,9,7,8,11,11,10,10,10,11,10,9,8,7,4,1,2,1,6,9,8,6,5,6,3,4,3,4,6,7,7,11,9,8,6,8,12,0,9,10,12,10,9,6,6,6,8,7,7,5,3,2,4,1,3,0,2,3,0,3,1,0,0,0,0,0
2022-03-23 11:00:00,0,0,0,2,1,1,0,0,2,1,2,4,5,4,5,4,7,5,7,8,10,11,13,16,15,5,14,8,11,14,12,15,12,13,14,13,10,12,11,5,8,5,4,4,3,5,3,2,1,5,10,12,11,10,10,9,10,11,10,0,13,17,8,14,15,14,14,16,15,9,9,9,9,8,8,7,8,7,7,4,3,0,1,2,3,4,4,3,1,2,0,0,0,2,1,0,0
2022-03-23 12:00:00,0,0,2,3,4,0,5,3,0,1,2,2,5,4,7,4,0,5,5,8,9,10,10,6,11,11,9,7,9,12,9,13,13,15,17,17,12,10,12,9,10,7,6,5,5,4,3,1,0,4,6,10,2,9,11,2,10,11,14,14,16,17,22,18,12,12,9,10,0,11,14,13,11,12,15,7,12,8,5,4,3,4,0,3,2,0,1,1,1,0,0,2,0,0,0,0,0
2022-03-23 13:00:00,0,0,1,1,2,5,5,4,1,1,0,0,2,4,6,8,9,10,9,12,9,10,10,15,15,6,14,13,11,10,11,12,13,16,18,21,21,20,14,10,7,6,7,6,5,4,3,1,3,6,6,6,5,0,5,4,5,3,3,2,9,10,4,10,10,10,17,19,14,20,17,9,14,16,16,11,12,8,4,6,7,6,4,4,5,3,3,4,1,3,1,0,1,1,0,0,0
2022-03-23 14:00:00,0,0,0,0,2,0,1,2,1,1,2,1,5,16,7,5,7,4,7,10,13,11,14,13,13,13,14,10,10,9,9,8,7,12,14,16,15,13,14,15,0,5,6,7,3,5,4,1,0,4,7,1,7,9,11,10,15,18,22,22,19,19,17,16,22,17,19,19,20,22,23,22,21,21,20,15,13,9,6,6,4,4,4,0,3,4,2,0,3,3,1,0,2,1,0,0,0
2022-03-23 15:00:00,0,0,0,0,2,5,4,2,1,2,3,4,26,28,29,28,31,0,29,27,28,29,27,27,27,23,22,20,18,13,13,12,9,11,12,10,11,8,9,7,7,13,8,6,7,6,5,3,1,9,9,0,6,7,0,6,9,7,8,7,8,9,8,9,7,7,9,6,10,9,10,6,9,9,12,0,10,6,9,7,3,1,10,12,11,8,7,4,7,4,3,2,2,1,1,0,0
2022-03-23 16:00:00,0,3,0,1,3,5,7,4,2,4,3,2,6,9,19,23,32,32,27,25,30,26,24,26,23,18,18,19,12,15,19,9,18,12,10,12,7,5,7,7,6,4,2,0,3,1,1,1,0,4,13,15,16,14,15,12,11,13,19,19,24,25,25,0,12,10,9,3,9,10,10,0,8,9,9,9,7,4,0,3,5,4,6,7,3,2,0,1,0,3,5,2,0,2,1,0,0
2022-03-23 17:00:00,1,0,0,4,2,1,4,3,4,4,5,5,8,9,11,13,16,13,18,22,21,20,20,24,20,14,15,13,13,13,16,9,14,21,22,20,17,15,18,17,12,7,7,8,10,9,6,4,0,7,9,11,11,14,15,13,17,18,20,23,23,24,23,20,18,11,10,12,13,13,19,16,15,18,15,14,13,16,18,10,6,4,3,6,2,4,5,3,5,2,0,1,0,1,0,0,0
2022-03-23 18:00:00,1,1,2,3,4,5,2,8,7,6,5,6,7,10,9,12,18,20,21,25,26,35,35,38,38,36,32,27,22,20,18,18,17,24,22,21,15,11,8,5,0,6,5,3,3,7,0,4,4,12,16,18,23,28,26,21,22,25,37,30,21,19,20,18,26,18,19,18,21,17,18,0,13,12,10,7,7,5,5,6,3,2,3,7,12,12,13,6,9,9,10,7,4,2,1,0,0
2022-03-23 19:00:00,0,0,0,1,3,2,1,4,4,1,2,2,5,6,10,13,24,23,24,32,35,30,27,26,24,20,23,23,18,10,9,10,9,16,15,11,6,5,4,2,3,0,3,2,1,1,3,1,2,17,18,17,18,20,22,24,30,30,44,39,21,20,19,17,28,23,9,5,6,3,3,7,9,9,10,10,11,12,5,13,6,2,1,1,3,5,4,3,7,6,5,1,0,2,0,0,0
2022-03-23 20:00:00,0,0,1,0,0,2,2,2,3,5,0,4,4,1,5,8,10,11,6,13,9,12,11,12,9,9,10,9,8,6,5,7,8,8,10,5,4,2,3,0,2,0,2,0,0,1,1,0,0,7,10,9,0,9,8,8,9,11,15,12,9,6,6,8,15,9,6,5,4,4,2,5,3,8,4,0,4,2,0,5,3,1,2,0,1,2,3,0,2,2,3,1,0,2,1,0,0
2022-03-23 21:00:00,0,2,1,1,2,1,2,0,0,3,0,2,2,1,3,3,4,0,6,6,7,6,8,11,12,11,12,10,8,5,4,6,5,10,11,10,5,6,7,6,5,6,5,3,4,3,1,0,1,7,10,1,8,9,9,8,11,11,11,10,8,6,7,5,8,6,6,2,0,9,9,0,6,8,4,5,5,3,2,5,5,3,2,2,3,2,1,2,0,2,3,0,0,0,0,0,0
2022-03-23 22:00:00,0,0,0,1,0,1,0,1,0,3,0,0,1,0,2,3,5,0,6,6,10,19,21,24,23,22,16,16,13,10,7,7,0,10,10,7,4,3,1,2,0,0,1,1,0,0,0,0,1,8,9,7,3,10,2,3,12,15,16,8,12,11,10,7,15,14,12,9,4,4,5,7,8,9,18,21,18,15,0,10,4,3,1,0,0,2,4,1,2,5,3,1,0,0,0,0,0
2022-03-23 23:00:00,0,0,0,0,0,0,0,0,0,4,0,0,0,0,3,4,2,0,3,10,0,11,8,9,8,0,8,8,6,4,5,4,0,4,5,4,2,2,2,2,3,1,4,3,2,2,3,0,2,1,2,2,3,3,0,2,3,5,4,3,4,5,3,2,8,7,5,3,4,7,0,5,5,5,4,5,11,12,11,8,7,2,1,1,0,1,1,0,2,0,1,0,0,0,0,0,0
2022-03-24 00:00:00,0,0,0,0,0,0,0,0,0,0,0,0,0,0,0,0,0,0,0,0,0,0,0,0,0,0,0,0,0,0,0,0,0,0,0,0,0,0,0,0,0,0,0,0,0,0,0,0,0,0,0,0,0,0,0,0,0,0,0,0,0,0,0,0,0,0,0,0,0,0,0,0,0,0,0,0,0,0,0,0,0,0,0,0,0,0,0,0,0,0,0,0,0,0,0,0,0
2022-03-24 01:00:00,0,0,0,0,0,0,0,0,0,0,0,0,0,0,0,0,0,0,0,0,0,0,0,0,0,0,0,0,0,0,0,0,0,0,0,0,0,0,0,0,0,0,0,0,0,0,0,0,0,0,0,0,0,0,0,0,0,0,0,0,0,0,0,0,0,0,0,0,0,0,0,0,0,0,0,0,0,0,0,0,0,0,0,0,0,0,0,0,0,0,0,0,0,0,0,0,0
2022-03-24 02:00:00,0,0,0,0,0,0,0,0,0,0,0,0,0,0,0,0,0,0,0,0,0,0,0,0,0,0,0,0,0,0,0,0,0,0,0,0,0,0,0,0,0,0,0,0,0,0,0,0,0,0,0,0,0,0,0,0,0,0,0,0,0,0,0,0,0,0,0,0,0,0,0,0,0,0,0,0,0,0,0,0,0,0,0,0,0,0,0,0,0,0,0,0,0,0,0,0,0
2022-03-24 03:00:00,0,0,0,0,0,0,0,0,0,0,0,0,0,0,0,0,0,0,0,0,0,0,0,0,0,0,0,0,0,0,0,0,0,0,0,0,0,0,0,0,0,0,0,0,0,0,0,0,0,0,0,0,0,0,0,0,0,0,0,0,0,0,0,0,0,0,0,0,0,0,0,0,0,0,0,0,0,0,0,0,0,0,0,0,0,0,0,0,0,0,0,0,0,0,0,0,0
2022-03-24 04:00:00,0,0,0,1,2,2,1,2,0,0,2,0,0,1,3,3,4,0,4,4,7,9,0,10,11,8,0,9,8,9,0,0,0,0,0,0,0,0,0,0,0,0,0,0,0,0,0,0,0,0,0,0,0,0,0,0,0,0,0,0,0,0,0,0,0,0,0,0,0,0,0,0,0,0,0,0,0,0,0,0,0,0,0,0,0,0,0,0,0,0,0,0,0,0,0,0,0
2022-03-24 05:00:00,0,0,0,1,6,3,2,5,0,0,1,3,0,2,3,2,3,2,1,6,4,8,7,8,7,6,4,3,6,8,8,10,8,10,8,8,7,8,8,7,6,5,5,3,2,3,1,0,0,2,4,0,0,1,2,0,0,0,3,0,7,5,8,0,3,0,0,1,0,0,0,0,0,0,0,0,0,0,0,0,0,0,0,0,0,0,0,0,0,0,0,0,0,0,0,0,0
2022-03-24 06:00:00,0,0,0,1,2,1,0,1,0,0,0,1,0,2,4,3,4,0,3,4,0,5,2,1,0,0,4,2,5,9,13,12,11,5,4,6,9,12,12,8,5,2,8,3,0,7,6,1,0,2,1,3,1,0,4,3,2,2,2,1,12,18,0,7,6,6,8,9,12,11,12,13,12,11,9,7,6,4,3,2,0,0,0,1,2,3,0,1,0,0,1,0,1,0,0,0,0
2022-03-24 07:00:00,0,1,0,4,8,11,9,6,11,12,10,8,4,7,17,13,15,13,19,10,15,6,3,1,4,3,3,3,2,14,20,24,20,13,16,18,19,32,36,31,10,2,11,3,10,8,4,2,0,5,4,5,0,2,2,3,2,2,1,3,15,28,30,24,8,12,21,30,34,41,44,41,29,31,20,22,22,21,17,21,20,15,6,8,5,4,2,1,1,0,3,0,3,2,0,0,0
2022-03-24 08:00:00,0,1,0,5,9,14,16,10,14,8,6,4,8,13,19,14,15,15,14,12,12,14,14,10,12,12,17,17,14,21,27,31,29,18,17,16,21,32,32,23,28,25,26,19,21,17,13,4,2,15,13,11,10,5,6,7,8,0,6,4,6,16,19,19,11,12,20,24,25,22,25,20,28,28,28,27,24,20,17,12,14,9,7,4,3,2,2,0,3,0,2,1,2,1,1,0,0
2022-03-24 09:00:00,0,0,2,3,7,8,8,7,4,2,1,0,2,5,8,1,7,8,6,6,6,8,8,5,9,9,8,9,5,11,10,15,9,15,15,16,16,19,22,16,19,18,20,16,11,8,5,5,0,6,2,4,5,3,2,0,3,1,5,4,9,10,13,14,8,11,12,14,15,18,19,18,15,15,16,15,12,11,10,7,4,1,3,9,2,0,1,1,5,1,0,1,2,0,0,0,0
2022-03-24 10:00:00,0,0,0,1,4,5,0,2,0,1,1,0,2,3,6,7,6,0,5,4,7,9,12,13,14,13,14,14,11,15,17,21,20,12,11,10,10,15,12,10,7,7,4,6,5,3,3,0,2,2,2,1,1,2,2,3,4,6,7,6,10,11,15,7,14,17,17,17,10,11,12,13,12,10,10,10,4,4,3,2,1,0,0,2,4,0,5,3,3,3,3,1,0,0,0,0,0
2022-03-24 11:00:00,0,0,1,2,4,3,4,3,2,0,1,1,2,4,7,9,7,9,12,14,16,17,17,15,12,12,8,11,11,10,6,11,12,11,15,14,14,11,10,9,9,6,6,3,4,5,0,2,2,2,0,2,2,0,3,3,0,3,6,7,7,6,5,7,8,5,8,9,9,9,6,10,10,12,10,11,14,15,14,11,9,5,1,1,0,2,2,1,3,0,0,0,0,0,0,0,0
2022-03-24 12:00:00,0,0,1,2,3,3,3,3,2,1,0,0,4,6,7,7,10,10,6,13,13,13,11,14,9,12,12,12,11,10,11,14,0,9,12,15,12,13,13,8,9,7,6,0,5,2,4,1,0,4,5,4,4,5,3,4,4,4,6,4,8,10,8,9,8,7,12,13,12,15,16,15,14,16,13,11,10,5,11,10,5,2,3,2,1,4,0,1,4,0,2,0,1,0,0,0,0
2022-03-24 13:00:00,0,0,1,1,2,3,0,3,2,3,0,0,3,5,7,9,14,15,14,12,13,14,15,17,21,18,18,17,14,10,0,10,9,4,7,7,6,7,8,7,2,8,8,5,2,5,5,3,2,8,11,10,10,7,8,8,10,13,14,11,13,18,8,17,12,13,10,8,6,6,8,0,5,5,6,0,4,2,0,3,1,2,2,3,4,2,2,1,1,2,1,0,0,0,1,0,0
2022-03-24 14:00:00,0,0,1,2,3,5,6,4,3,1,2,0,5,9,12,16,21,5,24,22,20,20,21,22,24,20,22,9,18,12,12,13,7,12,13,10,8,10,12,10,5,9,4,11,0,3,10,3,2,4,7,2,8,5,6,7,7,5,9,9,8,4,10,7,7,5,6,7,5,8,8,7,5,6,5,0,4,3,2,2,4,1,0,3,0,0,0,1,0,0,1,0,0,0,0,1,0
2022-03-24 15:00:00,0,0,1,2,1,3,2,3,1,6,0,5,1,5,6,5,9,10,20,24,28,32,34,37,34,29,23,22,17,14,17,18,17,23,6,6,6,5,8,9,8,9,9,7,7,3,2,2,1,10,13,10,12,11,12,11,11,13,18,19,13,14,16,15,19,17,12,7,8,8,10,10,9,8,8,8,11,11,10,9,4,3,3,4,4,3,0,1,3,2,1,0,0,0,0,0,0
2022-03-24 16:00:00,0,0,0,1,4,5,5,6,3,3,7,6,14,17,23,26,28,29,29,30,25,36,35,37,38,32,28,22,18,25,24,25,22,16,20,17,16,14,7,5,2,6,6,3,4,8,6,2,0,11,17,17,16,6,18,20,18,19,22,18,22,22,18,19,21,15,11,12,12,9,12,13,11,12,15,13,13,17,13,10,6,8,11,11,11,9,8,9,9,8,6,3,1,0,0,0,0
2022-03-24 17:00:00,0,3,3,5,7,6,5,5,4,4,4,4,7,9,11,10,14,7,15,16,14,13,12,32,29,25,22,19,17,19,19,18,16,18,13,13,9,8,9,11,10,8,6,7,0,8,7,2,2,10,15,13,14,16,17,17,22,24,29,26,21,20,19,19,16,14,16,15,17,18,17,14,14,14,10,10,12,7,13,13,5,5,7,4,3,5,4,2,8,8,6,4,3,0,0,0,0
2022-03-24 18:00:00,1,2,0,0,4,6,6,7,6,3,0,5,7,14,15,22,34,38,40,42,38,44,41,42,43,35,45,42,32,19,16,15,0,17,19,13,7,6,6,8,8,5,11,9,8,7,11,8,8,13,14,18,19,26,23,22,17,10,30,28,14,14,12,20,39,27,15,9,10,10,11,13,14,16,12,11,12,10,11,10,7,5,7,10,14,12,9,8,11,9,8,4,3,2,1,0,0
2022-03-24 19:00:00,0,1,0,0,2,2,7,6,3,3,0,3,4,2,3,7,18,23,24,26,26,22,22,26,25,18,17,17,11,9,12,15,13,23,26,21,11,5,3,6,7,5,9,4,3,4,2,3,2,16,22,24,22,25,27,6,31,30,35,27,24,22,20,16,22,20,19,16,16,15,16,14,9,6,4,2,4,0,3,5,0,2,0,3,4,5,4,0,0,0,1,0,1,0,0,0,0
2022-03-24 20:00:00,0,0,0,0,0,0,1,2,0,4,5,0,5,3,4,5,6,7,11,15,16,9,16,10,11,10,8,4,5,7,6,5,5,12,9,5,3,2,4,3,0,2,3,2,1,1,2,0,1,11,12,14,14,16,4,16,20,16,18,13,11,8,6,5,15,9,8,7,0,8,10,9,6,9,7,4,7,1,2,6,4,0,1,2,2,3,1,2,0,0,1,0,0,0,0,0,0
2022-03-24 21:00:00,0,0,1,2,1,1,2,2,1,5,2,1,8,6,5,4,4,5,6,19,21,20,18,20,15,17,16,14,10,7,8,7,4,9,8,7,4,7,7,6,5,4,3,0,0,4,1,2,0,4,6,0,7,8,9,9,13,16,22,21,17,15,14,18,20,17,9,8,5,7,8,6,8,6,9,10,8,7,6,7,5,0,0,1,0,0,0,0,3,1,4,3,0,0,0,0,0
2022-03-24 22:00:00,0,2,0,0,0,1,0,2,2,5,3,0,1,2,2,4,4,0,5,8,11,12,13,19,20,17,17,14,13,11,7,8,5,15,13,7,6,5,4,0,0,5,5,3,0,2,1,1,1,3,4,4,5,4,0,6,8,10,16,14,8,6,4,7,14,8,4,0,0,5,5,10,9,10,14,16,15,14,0,14,7,6,4,3,2,0,1,2,3,3,2,0,0,0,0,0,0
2022-03-24 23:00:00,0,0,0,0,0,0,0,0,0,3,0,0,0,0,3,4,4,5,6,7,7,9,0,11,10,6,6,4,5,3,0,0,0,8,6,6,4,4,2,3,2,4,3,0,2,2,2,1,2,3,8,0,5,0,8,7,5,4,15,7,16,14,5,13,20,14,9,6,5,6,6,4,5,7,4,3,8,6,5,7,4,4,3,2,1,2,0,0,0,0,0,0,0,0,0,0,0
2022-03-25 00:00:00,0,0,0,0,0,0,0,0,0,0,0,0,0,0,0,0,0,0,0,0,0,0,0,0,0,0,0,0,0,0,0,0,0,0,0,0,0,0,0,0,0,0,0,0,0,0,0,0,0,0,0,0,0,0,0,0,0,0,0,0,0,0,0,0,0,0,0,0,0,0,0,0,0,0,0,0,0,0,0,0,0,0,0,0,0,0,0,0,0,0,0,0,0,0,0,0,0
2022-03-25 01:00:00,0,0,0,0,0,0,0,0,0,0,0,0,0,0,0,0,0,0,0,0,0,0,0,0,0,0,0,0,0,0,0,0,0,0,0,0,0,0,0,0,0,0,0,0,0,0,0,0,0,0,0,0,0,0,0,0,0,0,0,0,0,0,0,0,0,0,0,0,0,0,0,0,0,0,0,0,0,0,0,0,0,0,0,0,0,0,0,0,0,0,0,0,0,0,0,0,0
2022-03-25 02:00:00,0,0,0,0,0,0,0,0,0,0,0,0,0,0,0,0,0,0,0,0,0,0,0,0,0,0,0,0,0,0,0,0,0,0,0,0,0,0,0,0,0,0,0,0,0,0,0,0,0,0,0,0,0,0,0,0,0,0,0,0,0,0,0,0,0,0,0,0,0,0,0,0,0,0,0,0,0,0,0,0,0,0,0,0,0,0,0,0,0,0,0,0,0,0,0,0,0
2022-03-25 03:00:00,0,0,0,0,0,0,0,0,0,0,0,0,0,0,0,0,0,0,0,0,0,0,0,0,0,0,0,0,0,0,0,0,0,0,0,0,0,0,0,0,0,0,0,0,0,0,0,0,0,0,0,0,0,0,0,0,0,0,0,0,0,0,0,0,0,0,0,0,0,0,0,0,0,0,0,0,0,0,0,0,0,0,0,0,0,0,0,0,0,0,0,0,0,0,0,0,0
2022-03-25 04:00:00,0,0,0,1,2,3,1,0,2,0,3,0,0,0,5,5,0,3,5,6,3,7,8,9,8,6,5,0,4,5,0,0,0,0,0,0,0,0,0,0,0,0,0,0,0,0,0,0,0,0,0,0,0,0,0,0,0,0,0,0,0,0,0,0,0,0,0,0,0,0,0,0,0,0,0,0,0,0,0,0,0,0,0,0,0,0,0,0,0,0,0,0,0,0,0,0,0
2022-03-25 05:00:00,0,0,0,1,2,4,1,0,1,2,0,2,0,1,7,8,4,2,8,5,0,6,7,8,5,6,5,0,4,10,12,17,15,8,6,9,12,13,11,8,7,6,5,4,6,3,4,2,0,2,3,1,1,0,2,0,0,2,2,0,4,8,9,8,5,2,4,3,0,3,4,0,0,0,0,0,0,0,0,0,0,0,0,0,0,0,0,0,0,0,0,0,0,0,0,0,0
2022-03-25 06:00:00,0,0,1,2,3,2,0,1,1,0,0,0,0,2,2,0,1,0,1,0,2,2,1,3,2,0,5,4,5,7,3,6,4,3,4,3,2,7,7,5,0,0,7,8,7,0,2,1,0,1,1,2,0,3,2,0,4,2,4,3,8,13,16,13,7,6,6,8,7,12,5,11,10,9,8,7,5,4,3,2,1,0,1,2,1,0,0,1,1,0,0,0,0,0,0,0,0
2022-03-25 07:00:00,0,0,0,2,7,15,15,5,14,12,8,7,5,9,13,10,10,8,9,8,11,8,9,4,8,10,7,8,9,21,30,41,31,14,13,15,17,29,35,24,19,16,18,16,11,11,6,2,0,8,9,0,6,5,3,2,1,0,4,4,10,26,28,29,13,13,19,25,26,28,28,25,24,23,21,22,21,17,8,18,15,12,5,6,3,3,1,2,0,2,2,5,4,4,3,0,0
2022-03-25 08:00:00,0,0,0,4,11,15,17,11,13,8,8,5,4,6,10,10,9,11,9,8,8,13,13,8,14,10,9,11,13,34,39,44,44,19,18,17,14,22,32,25,15,23,20,21,16,10,7,4,1,18,18,16,11,8,7,5,1,6,8,7,9,19,26,21,13,17,27,35,37,28,32,34,33,35,36,35,27,21,16,12,8,6,5,8,3,8,6,2,7,3,3,4,3,1,2,1,0
2022-03-25 09:00:00,0,0,1,4,5,6,5,3,1,2,1,1,2,3,7,0,9,10,7,5,4,6,7,8,8,7,9,5,8,13,15,20,16,13,16,16,18,21,21,15,18,16,16,13,8,9,6,2,1,8,5,8,8,7,4,6,7,3,6,8,7,8,9,11,10,12,15,15,15,13,14,13,13,11,13,14,14,10,9,5,4,3,1,2,2,3,1,1,3,1,2,0,0,0,0,0,0
2022-03-25 10:00:00,0,0,0,2,3,4,6,3,0,1,1,0,2,4,5,4,5,0,6,6,3,6,5,7,8,6,7,5,6,8,0,9,7,3,3,7,7,7,9,5,0,4,3,0,0,2,3,3,1,0,2,3,0,0,4,5,3,4,2,0,9,13,14,13,12,11,9,6,10,11,10,13,10,15,11,10,10,9,6,3,1,2,1,1,1,0,2,0,2,0,1,0,0,0,0,0,0
2022-03-25 11:00:00,0,0,0,1,3,4,1,3,2,1,3,3,0,8,9,8,11,13,13,16,16,18,19,19,21,19,16,0,13,16,15,11,8,11,12,13,11,8,8,6,7,5,2,3,5,3,0,2,0,4,5,0,4,0,3,5,8,8,9,6,10,12,11,12,11,8,10,9,7,5,8,7,6,8,8,7,7,0,6,5,4,3,2,0,2,2,2,1,0,3,1,0,0,2,0,0,0
2022-03-25 12:00:00,0,2,0,1,4,5,5,3,0,2,1,1,2,5,8,7,5,0,7,10,10,10,8,9,10,11,10,11,9,8,14,15,14,10,16,8,17,17,20,19,17,16,15,13,11,8,3,3,1,4,5,4,3,3,4,4,7,10,9,8,6,8,11,12,11,12,13,15,16,12,10,11,13,13,14,14,13,11,8,6,5,4,1,0,3,5,3,3,5,2,1,0,1,0,2,0,0
2022-03-25 13:00:00,0,0,1,1,2,3,3,2,2,2,3,1,2,3,6,6,5,7,7,9,11,7,10,11,10,10,9,9,7,6,8,7,7,9,10,7,6,11,13,11,9,7,5,4,4,5,9,3,2,8,12,13,11,3,12,11,5,6,12,12,15,16,19,17,12,10,11,12,11,10,12,13,11,16,14,8,9,8,8,8,4,2,1,2,1,0,2,1,3,2,2,1,0,0,1,0,0
2022-03-25 14:00:00,0,0,3,4,5,3,4,3,2,2,0,3,5,9,11,11,15,16,14,10,9,9,9,10,7,8,14,14,12,11,11,12,3,13,11,10,9,7,10,9,7,8,7,5,1,0,1,0,0,8,8,7,7,7,4,7,10,0,18,15,16,20,23,24,19,17,13,15,16,16,9,14,13,11,9,13,11,11,11,8,6,4,5,4,1,2,1,4,6,6,5,4,3,2,1,0,0
2022-03-25 15:00:00,1,0,3,0,3,2,3,2,3,4,5,6,5,6,11,12,16,17,19,18,20,25,18,21,21,17,12,0,9,8,9,9,6,9,11,11,12,11,11,12,10,8,9,11,3,6,5,2,1,10,12,0,8,10,10,10,11,7,16,14,18,14,16,15,15,13,14,14,14,15,17,18,16,17,18,16,18,14,15,12,11,12,13,13,10,4,2,3,2,0,2,0,1,0,1,0,0
2022-03-25 16:00:00,1,1,0,4,4,5,3,3,2,3,4,2,15,22,28,29,31,30,34,32,34,35,31,31,24,26,28,28,26,21,21,20,19,18,18,15,12,8,8,6,2,5,5,4,10,11,10,9,7,6,6,6,8,8,7,9,10,13,15,15,17,17,17,15,16,14,14,12,14,14,14,15,13,13,18,10,19,18,17,12,9,6,12,11,10,8,6,3,8,8,7,3,2,3,0,0,0
2022-03-25 17:00:00,0,3,5,7,9,10,11,9,4,4,6,4,9,10,15,17,21,20,23,23,23,25,22,25,26,23,20,18,16,11,7,6,0,7,9,8,8,12,11,8,6,5,4,3,1,4,3,2,3,9,14,15,19,24,28,26,27,31,43,42,8,13,16,16,15,15,17,17,14,14,16,15,14,17,15,14,19,20,15,10,5,4,8,9,7,4,0,4,8,6,4,2,1,0,0,0,0
2022-03-25 18:00:00,0,0,2,3,1,5,4,5,5,5,2,5,6,8,19,21,29,27,26,21,25,16,24,26,28,24,18,21,19,13,17,18,17,15,17,16,12,11,12,11,10,7,7,6,8,6,7,4,5,21,25,27,28,28,30,30,35,39,40,35,29,25,26,22,27,22,13,10,9,14,16,17,13,17,14,15,18,13,16,15,7,5,6,4,6,5,3,2,9,8,7,4,3,2,0,0,0
2022-03-25 19:00:00,0,0,1,3,6,7,8,5,3,3,2,2,3,5,9,10,27,27,29,27,24,29,31,32,30,32,38,36,25,16,14,13,14,15,17,13,9,9,9,4,2,7,6,0,0,1,5,2,1,7,8,4,7,9,9,11,15,17,36,29,17,19,17,14,40,21,16,15,15,12,12,10,9,12,10,8,9,9,2,13,5,3,2,4,7,8,7,5,4,0,2,1,1,2,1,0,0
2022-03-25 20:00:00,0,0,1,1,4,5,6,4,3,3,2,3,3,2,3,4,5,2,5,10,11,7,12,11,10,8,11,11,11,11,9,8,7,8,9,7,5,4,2,1,3,5,3,3,1,2,3,2,0,5,9,10,11,13,14,13,14,19,20,17,11,12,10,8,18,9,9,12,4,11,4,3,7,6,7,6,5,6,5,12,5,3,0,0,0,2,2,0,3,4,2,2,1,0,0,0,0
2022-03-25 21:00:00,0,0,0,0,0,4,0,3,4,4,1,0,0,5,4,2,4,7,17,7,19,18,6,5,9,6,6,0,8,5,3,4,2,10,7,7,5,3,3,4,1,4,5,4,2,5,3,1,1,20,25,27,26,24,25,27,33,39,49,42,30,25,19,18,12,7,5,4,3,4,4,5,2,7,6,9,11,12,14,14,6,3,3,2,2,0,1,1,3,3,3,2,1,0,1,0,0
2022-03-25 22:00:00,0,0,0,1,0,0,1,0,1,3,3,1,2,3,2,2,6,0,4,11,11,12,16,19,18,18,14,8,13,9,8,7,6,15,13,10,4,4,2,3,0,4,5,0,0,4,1,0,1,6,5,5,5,4,6,8,14,17,22,17,16,15,15,13,11,10,10,11,0,5,5,0,3,5,4,6,10,0,3,9,3,1,1,0,0,2,0,0,2,1,1,0,0,0,0,0,0
2022-03-25 23:00:00,0,0,0,0,0,0,0,0,2,3,0,2,1,0,2,1,3,4,5,12,15,12,13,16,11,13,11,11,8,6,4,5,6,9,11,9,7,2,4,0,3,2,3,3,2,1,0,1,0,5,5,6,2,7,0,0,3,9,8,0,7,8,0,7,19,13,9,10,9,9,8,7,6,6,5,0,13,0,10,6,4,2,1,0,0,0,0,0,2,0,0,0,1,1,0,0,0
2022-03-26 00:00:00,0,0,0,0,0,0,0,0,0,0,0,0,0,0,0,0,0,0,0,0,0,0,0,0,0,0,0,0,0,0,0,0,0,0,0,0,0,0,0,0,0,0,0,0,0,0,0,0,0,0,0,0,0,0,0,0,0,0,0,0,0,0,0,0,0,0,0,0,0,0,0,0,0,0,0,0,0,0,0,0,0,0,0,0,0,0,0,0,0,0,0,0,0,0,0,0,0
2022-03-26 01:00:00,0,0,0,0,0,0,0,0,0,0,0,0,0,0,0,0,0,0,0,0,0,0,0,0,0,0,0,0,0,0,0,0,0,0,0,0,0,0,0,0,0,0,0,0,0,0,0,0,0,0,0,0,0,0,0,0,0,0,0,0,0,0,0,0,0,0,0,0,0,0,0,0,0,0,0,0,0,0,0,0,0,0,0,0,0,0,0,0,0,0,0,0,0,0,0,0,0
2022-03-26 02:00:00,0,0,0,0,0,0,0,0,0,0,0,0,0,0,0,0,0,0,0,0,0,0,0,0,0,0,0,0,0,0,0,0,0,0,0,0,0,0,0,0,0,0,0,0,0,0,0,0,0,0,0,0,0,0,0,0,0,0,0,0,0,0,0,0,0,0,0,0,0,0,0,0,0,0,0,0,0,0,0,0,0,0,0,0,0,0,0,0,0,0,0,0,0,0,0,0,0
2022-03-26 03:00:00,0,0,0,0,0,0,0,0,0,0,0,0,0,0,0,0,0,0,0,0,0,0,0,0,0,0,0,0,0,0,0,0,0,0,0,0,0,0,0,0,0,0,0,0,0,0,0,0,0,0,0,0,0,0,0,0,0,0,0,0,0,0,0,0,0,0,0,0,0,0,0,0,0,0,0,0,0,0,0,0,0,0,0,0,0,0,0,0,0,0,0,0,0,0,0,0,0
2022-03-26 04:00:00,0,0,0,1,0,1,0,0,0,0,2,0,1,2,4,5,0,0,2,3,4,5,0,0,0,4,0,0,3,4,0,0,0,2,0,0,0,0,0,0,0,0,0,0,0,0,0,0,0,0,0,0,0,0,0,0,0,0,0,0,0,0,0,0,0,0,0,0,0,0,0,0,0,0,0,0,0,0,0,0,0,0,0,0,0,0,0,0,0,0,0,0,0,0,0,0,0
2022-03-26 05:00:00,0,0,0,1,3,2,2,2,1,0,0,1,1,2,3,4,2,0,4,7,7,6,7,10,0,8,7,8,9,9,2,7,6,5,1,0,7,5,7,6,0,0,5,4,4,4,1,2,0,0,2,0,0,0,0,1,0,0,0,0,4,6,7,8,4,3,2,0,0,0,1,0,0,0,0,0,0,0,0,0,0,0,0,0,0,0,0,0,0,0,0,0,0,0,0,0,0
2022-03-26 06:00:00,0,0,0,1,2,1,0,1,0,0,1,0,0,0,2,3,4,0,2,0,1,1,0,0,0,3,2,1,0,3,0,4,3,2,3,2,3,5,2,4,0,3,0,0,2,2,1,0,0,0,0,2,1,0,0,1,0,0,3,1,2,3,4,0,2,2,2,5,6,6,6,5,3,0,2,4,0,2,1,0,1,1,0,0,0,0,0,0,0,1,0,0,1,0,0,0,0
2022-03-26 07:00:00,0,0,0,1,2,1,1,0,0,0,1,0,0,2,3,2,4,5,7,0,5,4,6,6,5,4,2,1,3,4,6,10,6,7,8,7,8,10,4,3,1,1,0,0,0,0,0,0,0,4,1,0,1,0,2,1,0,0,2,1,3,4,8,7,3,3,6,4,0,7,0,1,0,2,0,2,0,1,0,2,1,3,4,2,1,2,0,0,2,1,0,0,0,0,0,0,0
2022-03-26 08:00:00,0,0,0,2,3,5,4,3,3,2,0,1,2,3,6,7,1,3,2,5,4,1,2,2,3,2,4,6,2,9,12,15,15,12,15,16,17,18,14,11,9,6,2,5,7,5,4,1,0,4,0,2,0,0,0,2,0,3,0,1,3,4,6,0,8,9,8,10,10,7,11,8,9,8,11,6,10,7,5,5,1,0,1,0,0,0,0,0,0,0,1,0,0,2,0,0,0
2022-03-26 09:00:00,1,0,0,1,4,5,6,2,1,0,0,0,1,6,7,3,9,6,7,8,7,10,7,8,8,12,14,4,12,10,11,16,15,11,12,14,12,13,17,13,12,10,13,9,7,5,5,2,0,4,5,6,5,3,0,4,0,0,5,3,9,12,12,12,8,9,17,11,16,12,12,13,11,12,8,5,4,1,0,3,3,4,4,3,0,1,0,0,1,0,0,0,2,1,1,0,0
2022-03-26 10:00:00,0,0,0,0,2,1,1,0,1,0,0,0,0,2,7,6,11,2,9,7,7,3,4,0,3,3,2,5,7,11,13,16,0,11,3,9,11,15,14,14,13,12,5,11,10,11,9,6,3,6,11,7,12,11,9,9,10,9,13,11,11,14,16,0,13,5,6,8,9,12,7,13,12,7,11,10,6,2,0,2,3,3,4,0,0,3,0,0,2,0,0,2,0,0,0,0,0
2022-03-26 11:00:00,0,0,0,2,5,6,4,2,0,0,0,1,0,1,5,6,9,8,11,8,5,6,6,7,5,5,8,6,8,11,12,13,10,11,10,11,9,19,16,11,11,9,10,11,8,7,7,3,1,5,7,0,8,0,9,6,4,7,9,7,10,13,15,13,12,11,8,0,0,8,9,8,8,7,7,5,6,0,5,4,4,5,4,2,0,1,0,0,2,0,1,2,4,3,3,0,0
2022-03-26 12:00:00,0,0,0,0,1,2,2,1,0,3,3,4,0,3,3,4,4,2,5,9,14,17,15,15,17,18,16,17,12,8,9,10,0,7,7,6,5,10,15,9,8,7,3,3,2,5,4,2,0,5,12,11,13,7,14,13,12,14,15,14,15,16,17,15,11,12,8,10,11,11,11,11,11,11,11,9,7,7,4,3,2,0,0,0,0,1,0,0,2,0,1,3,0,0,0,2,0
2022-03-26 13:00:00,0,0,0,3,9,10,9,6,2,1,0,3,2,5,4,4,6,6,8,6,7,8,7,10,10,11,10,0,8,11,15,14,18,13,8,8,15,12,14,5,11,0,8,4,10,4,0,8,4,6,8,0,9,8,8,11,13,15,17,15,15,9,12,8,15,15,17,16,19,15,16,9,13,14,12,6,11,10,2,4,3,2,1,2,2,3,4,3,0,2,2,0,0,1,0,0,0
2022-03-26 14:00:00,0,0,0,0,2,1,1,0,0,1,0,0,1,0,7,6,8,10,12,16,20,19,18,21,21,20,16,17,14,17,19,18,0,11,7,8,7,8,9,9,8,10,16,17,0,4,8,3,0,4,7,0,0,4,5,5,4,5,8,6,5,15,16,14,17,15,7,9,11,13,4,0,12,11,12,10,8,0,9,8,5,0,6,4,5,1,0,0,3,4,3,2,1,0,0,0,0
2022-03-26 15:00:00,1,0,0,2,1,0,2,2,3,3,0,5,5,4,6,10,9,5,8,19,21,9,11,12,2,13,17,14,13,10,9,10,10,12,10,10,11,14,14,12,11,9,7,11,18,17,11,8,6,12,0,13,15,16,5,14,19,23,23,19,20,19,23,21,17,16,9,9,13,11,0,10,10,11,9,7,3,0,1,3,1,0,2,0,4,0,1,3,4,2,4,1,2,0,1,0,0
2022-03-26 16:00:00,0,1,2,3,0,3,2,4,2,5,4,0,4,6,10,11,7,5,9,12,8,21,21,19,18,6,16,17,20,21,23,23,18,19,17,14,10,13,17,15,14,12,16,14,13,10,9,8,6,11,13,14,16,0,18,18,19,21,21,21,20,18,15,15,18,13,13,11,13,11,0,12,10,13,15,14,5,2,0,4,3,3,0,2,0,5,0,2,5,4,3,2,1,0,0,0,0
2022-03-26 17:00:00,0,0,0,1,3,4,3,1,1,2,0,3,0,3,6,9,7,0,10,10,14,13,11,10,8,7,8,5,7,6,7,8,6,15,13,12,9,8,10,7,10,8,9,6,3,5,4,2,0,15,16,14,14,15,14,12,15,10,12,11,11,11,0,10,16,13,7,6,7,6,6,2,0,6,0,8,9,4,3,7,4,2,0,3,1,3,0,0,2,0,0,0,0,0,0,0,0
2022-03-26 18:00:00,0,0,1,3,4,5,3,4,3,2,3,2,2,6,10,12,0,0,11,10,9,8,14,14,7,12,9,8,7,8,11,13,12,8,13,12,13,13,10,7,6,7,9,7,6,0,4,2,5,9,14,13,14,0,0,13,12,5,7,11,19,20,21,20,13,9,13,15,13,17,22,23,21,23,23,21,15,14,12,8,5,2,0,0,0,1,0,0,0,0,1,0,0,0,0,0,0
2022-03-26 19:00:00,0,0,1,1,2,1,6,2,1,0,0,1,2,1,1,3,0,0,4,5,3,4,5,5,7,3,5,0,5,6,8,9,0,12,20,19,17,12,14,9,5,1,0,0,0,0,1,1,2,12,11,12,12,15,14,14,15,19,20,20,22,21,18,14,16,12,7,6,0,7,4,3,6,7,5,4,8,9,6,7,5,3,0,0,0,0,0,0,1,0,0,0,0,0,0,0,0
2022-03-26 20:00:00,0,0,1,2,0,1,0,0,2,3,0,2,0,2,2,4,2,3,2,7,0,8,9,11,5,9,7,8,7,10,9,7,5,12,3,11,6,4,3,3,1,1,2,0,0,1,0,0,0,15,18,20,11,11,21,9,24,14,16,10,8,7,8,8,14,11,8,6,1,5,6,0,5,6,0,5,6,3,4,3,3,3,3,0,4,1,2,0,3,6,2,4,1,1,0,0,0
2022-03-26 21:00:00,0,0,0,0,0,0,0,1,0,0,1,0,0,0,0,0,8,0,9,15,18,11,0,17,18,18,17,16,11,7,6,5,0,12,12,11,9,3,5,2,6,5,5,1,0,0,1,1,1,10,12,6,0,10,11,13,14,19,19,15,15,13,11,9,10,9,4,2,3,2,5,4,2,2,3,0,3,2,0,3,2,0,0,0,0,0,1,0,4,0,3,1,0,1,0,0,0
2022-03-26 22:00:00,0,0,0,0,0,0,1,0,2,1,3,4,1,2,1,2,4,5,1,6,9,2,6,9,2,7,6,0,4,6,0,5,2,13,12,9,4,3,4,6,0,2,2,0,0,4,3,1,2,5,5,0,0,6,6,6,8,5,12,12,13,13,5,11,10,9,8,8,2,6,5,0,4,7,8,11,16,15,0,11,7,3,2,1,0,1,0,0,2,1,2,0,1,0,0,0,0
2022-03-26 23:00:00,0,0,0,0,0,0,0,0,0,1,2,0,1,0,2,0,0,0,0,6,10,11,14,13,9,8,6,0,6,5,0,1,4,10,2,8,4,1,1,1,0,0,0,0,0,0,0,0,2,8,6,0,5,5,0,0,0,5,9,8,6,7,9,2,8,5,9,3,8,5,8,7,3,0,7,0,8,3,7,6,4,2,0,1,0,0,0,0,3,0,0,2,1,0,0,0,0
2022-03-27 00:00:00,0,0,0,0,0,0,0,0,0,0,0,0,0,0,0,0,0,0,0,0,0,0,0,0,0,0,0,0,0,0,0,0,0,0,0,0,0,0,0,0,0,0,0,0,0,0,0,0,0,0,0,0,0,0,0,0,0,0,0,0,0,0,0,0,0,0,0,0,0,0,0,0,0,0,0,0,0,0,0,0,0,0,0,0,0,0,0,0,0,0,0,0,0,0,0,0,0
2022-03-27 01:00:00,0,0,0,0,0,0,0,0,0,0,0,0,0,0,0,0,0,0,0,0,0,0,0,0,0,0,0,0,0,0,0,0,0,0,0,0,0,0,0,0,0,0,0,0,0,0,0,0,0,0,0,0,0,0,0,0,0,0,0,0,0,0,0,0,0,0,0,0,0,0,0,0,0,0,0,0,0,0,0,0,0,0,0,0,0,0,0,0,0,0,0,0,0,0,0,0,0
2022-03-27 02:00:00,0,0,0,0,0,0,0,0,0,0,0,0,0,0,0,0,0,0,0,0,0,0,0,0,0,0,0,0,0,0,0,0,0,0,0,0,0,0,0,0,0,0,0,0,0,0,0,0,0,0,0,0,0,0,0,0,0,0,0,0,0,0,0,0,0,0,0,0,0,0,0,0,0,0,0,0,0,0,0,0,0,0,0,0,0,0,0,0,0,0,0,0,0,0,0,0,0
2022-03-27 03:00:00,0,0,0,0,0,0,0,0,0,0,0,0,0,0,0,0,0,0,0,0,0,0,0,0,0,0,0,0,0,0,0,0,0,0,0,0,0,0,0,0,0,0,0,0,0,0,0,0,0,0,0,0,0,0,0,0,0,0,0,0,0,0,0,0,0,0,0,0,0,0,0,0,0,0,0,0,0,0,0,0,0,0,0,0,0,0,0,0,0,0,0,0,0,0,0,0,0
2022-03-27 04:00:00,0,0,0,0,1,0,0,1,0,0,1,0,2,3,0,5,0,0,0,7,0,0,8,0,6,0,0,0,4,0,5,0,0,6,0,0,0,0,0,0,0,0,0,0,0,0,0,0,0,0,0,0,0,0,0,0,0,0,0,0,0,0,0,0,0,0,0,0,0,0,0,0,0,0,0,0,0,0,0,0,0,0,0,0,0,0,0,0,0,0,0,0,0,0,0,0,0
2022-03-27 05:00:00,0,0,0,0,1,2,0,1,0,0,0,1,2,1,5,4,5,2,0,5,0,4,0,6,2,1,5,4,0,5,6,8,7,1,4,3,4,3,4,0,3,1,0,0,0,0,2,1,2,1,0,1,0,0,1,0,0,0,2,4,5,0,6,0,2,0,0,3,0,0,0,2,0,1,2,1,5,0,0,0,0,0,0,0,0,0,0,0,0,0,0,0,0,0,0,0,0
2022-03-27 06:00:00,0,0,0,1,1,0,0,0,0,0,0,0,0,0,2,0,6,7,6,6,7,6,1,2,0,5,4,3,4,2,4,2,1,1,1,2,2,5,4,2,0,2,1,0,0,0,1,0,0,1,1,0,0,1,0,1,0,0,0,0,0,4,0,0,4,3,3,0,0,1,2,0,0,0,3,0,0,4,1,0,0,0,1,0,0,0,0,0,0,0,0,0,0,0,0,0,0
2022-03-27 07:00:00,0,0,0,0,2,2,0,1,0,0,0,0,0,2,4,3,3,4,2,4,2,5,4,1,3,0,3,0,2,5,8,9,1,6,2,1,0,7,7,6,4,2,0,0,0,0,0,1,0,1,1,1,0,0,2,0,0,1,2,3,6,7,8,7,6,0,6,0,7,5,3,0,4,4,3,3,1,2,3,0,0,0,1,0,1,0,0,0,0,0,0,0,0,0,0,0,0
2022-03-27 08:00:00,0,0,0,2,4,5,4,3,3,0,1,0,0,3,4,3,4,5,3,4,0,5,5,1,0,1,0,3,4,7,8,7,9,10,10,9,10,13,13,10,6,7,6,5,3,0,0,2,1,2,1,0,1,0,2,1,0,2,2,3,7,9,10,11,5,5,6,7,3,8,7,0,0,6,5,5,4,4,3,4,2,2,1,1,0,1,0,0,0,0,0,0,0,0,0,0,0
2022-03-27 09:00:00,1,1,0,2,4,5,4,2,0,0,1,0,0,1,3,3,4,5,6,5,6,4,4,5,1,4,5,6,7,11,12,15,14,9,12,13,16,23,26,25,24,22,21,20,7,6,5,3,1,1,3,1,0,0,2,1,1,0,0,2,1,4,0,1,3,5,10,10,14,11,4,9,8,8,7,5,2,1,0,0,0,0,1,0,2,1,0,0,0,0,0,1,2,0,1,0,0
2022-03-27 10:00:00,0,0,0,0,3,5,5,2,3,2,1,0,0,2,3,3,0,0,0,0,2,1,3,3,1,2,3,0,4,5,5,7,5,9,9,8,6,5,7,6,5,0,4,3,0,4,18,12,6,2,4,0,0,0,0,0,1,2,1,1,3,17,18,19,10,6,11,13,12,4,0,11,0,10,9,3,2,1,0,1,1,0,0,0,0,0,0,0,0,0,0,0,1,0,0,0,0
2022-03-27 11:00:00,0,0,0,0,2,2,3,2,2,0,4,0,1,5,3,3,0,0,0,0,0,5,8,10,6,4,5,4,6,5,7,10,11,8,10,10,12,12,14,11,9,3,0,4,3,0,1,0,0,3,7,6,4,0,0,1,6,0,9,6,4,3,0,3,4,3,6,0,0,10,7,8,7,8,8,6,5,3,2,0,2,0,2,3,6,5,2,1,0,0,0,0,2,0,0,0,0
2022-03-27 12:00:00,0,0,0,3,5,0,0,2,0,2,0,0,3,5,6,5,9,7,12,13,14,13,10,11,8,8,8,0,8,8,7,9,0,3,10,8,9,11,18,17,12,17,15,0,13,14,0,4,4,5,8,2,3,2,3,3,3,0,2,1,3,4,6,5,4,5,5,6,7,5,3,0,8,0,5,7,3,2,0,2,0,1,0,0,0,1,0,0,0,0,0,1,0,0,0,0,0
2022-03-27 13:00:00,0,0,0,1,0,1,0,0,0,3,3,0,4,6,11,12,16,19,18,15,17,16,14,0,15,13,12,0,11,12,9,13,11,11,5,0,9,9,11,12,0,11,12,11,10,11,10,6,4,9,13,15,14,13,7,14,11,11,12,10,7,9,10,9,8,7,5,7,2,9,9,11,9,9,7,6,2,0,0,1,0,0,1,0,0,1,0,0,2,0,1,0,0,0,0,0,0
2022-03-27 14:00:00,0,0,0,2,3,4,2,1,0,1,2,0,1,3,4,4,7,0,8,13,12,11,13,13,13,13,11,10,5,11,9,8,0,7,8,7,6,10,6,5,0,4,3,0,2,3,0,4,0,14,15,16,17,18,19,17,17,0,15,15,13,16,16,15,14,12,11,10,11,11,12,8,11,12,11,10,8,7,5,2,0,0,2,2,2,0,3,1,0,0,1,0,0,0,0,0,0
2022-03-27 15:00:00,1,1,0,0,2,2,1,0,2,3,2,3,2,0,7,8,7,0,6,10,12,10,13,14,15,18,20,9,20,13,12,13,12,9,10,9,7,7,7,6,7,1,5,6,0,2,5,3,0,7,6,5,6,7,8,7,7,7,8,5,6,5,0,4,8,8,10,0,12,12,11,10,11,9,10,9,9,7,4,4,2,3,3,2,3,2,0,1,2,0,0,0,0,0,0,0,0
2022-03-27 16:00:00,0,0,0,2,0,0,0,2,1,1,3,2,0,1,5,0,12,11,8,11,11,9,12,13,14,11,8,10,10,11,13,12,9,12,11,7,8,7,10,6,5,8,7,5,0,6,5,5,4,9,10,11,12,13,16,13,20,19,17,13,15,15,14,10,12,10,13,13,14,12,15,13,11,16,11,15,9,8,7,4,1,0,0,0,0,0,0,0,4,3,2,0,0,0,0,0,0
2022-03-27 17:00:00,0,0,0,0,5,0,5,4,0,1,0,0,1,0,3,1,2,1,1,8,3,4,3,4,0,3,4,0,3,5,2,3,8,13,14,12,11,10,9,12,10,7,6,5,0,6,5,4,4,15,16,17,16,0,0,13,13,14,15,16,13,16,15,14,12,10,7,9,7,5,5,6,5,4,7,6,5,2,1,5,2,0,2,4,0,0,4,3,0,2,3,0,1,0,0,0,0
2022-03-27 18:00:00,0,0,1,0,3,0,0,3,1,2,4,3,0,2,4,3,4,0,5,9,7,3,8,7,8,7,9,0,9,7,8,0,5,9,11,8,5,3,6,1,7,4,4,4,0,5,5,4,4,21,22,9,21,22,23,18,20,21,19,17,14,13,10,12,18,16,12,11,11,8,0,7,7,3,7,3,8,7,5,8,3,0,0,0,0,0,0,0,2,0,0,0,1,0,0,0,0
2022-03-27 19:00:00,0,0,0,1,0,2,3,0,2,1,0,1,2,3,2,3,6,5,3,5,0,7,4,8,0,3,7,6,7,8,4,7,7,8,9,8,6,6,7,7,9,1,6,0,0,5,0,3,1,7,11,12,13,12,8,6,9,10,10,9,6,4,9,0,11,8,7,0,0,0,9,6,8,11,11,10,5,0,2,3,3,2,1,2,1,0,0,1,4,0,0,1,0,0,0,0,0
2022-03-27 20:00:00,0,0,0,1,0,2,0,0,0,1,0,0,2,5,1,2,7,7,5,16,11,11,12,13,12,9,12,13,3,0,10,2,8,10,11,8,9,8,9,7,8,6,5,2,1,0,0,0,0,8,10,1,0,0,2,9,5,0,8,6,3,0,0,5,12,9,7,4,3,0,9,8,3,3,4,5,5,0,1,1,0,0,0,0,0,0,0,2,1,2,1,1,0,0,0,0,0
2022-03-27 21:00:00,0,0,0,0,2,0,0,1,0,0,0,0,0,0,0,3,4,2,3,10,14,15,9,10,9,8,9,0,7,7,2,6,0,11,12,8,6,7,6,4,0,3,2,0,0,0,0,0,0,9,10,9,10,11,9,8,12,12,12,11,7,5,4,5,7,6,6,2,0,1,7,0,4,5,1,0,11,10,8,6,2,1,0,0,0,0,1,1,2,2,2,0,1,0,1,0,0
2022-03-27 22:00:00,0,0,0,0,0,0,0,2,0,2,1,0,0,0,1,0,0,5,4,18,20,1,24,24,3,21,21,18,13,0,12,8,7,7,6,4,3,1,2,2,3,0,3,0,0,4,3,1,1,15,17,18,19,18,16,13,13,10,23,23,15,14,8,12,13,9,5,5,4,3,5,0,6,7,7,6,11,3,7,14,5,2,1,0,0,1,0,0,1,0,1,0,0,0,0,0,0
2022-03-27 23:00:00,0,0,0,0,0,0,0,0,1,0,0,0,0,3,4,0,0,0,0,5,0,6,4,0,0,0,6,1,0,5,3,2,0,8,11,7,4,3,0,0,0,0,0,1,0,0,0,0,0,1,0,2,0,3,0,0,4,0,7,8,6,5,3,5,7,3,4,0,0,3,3,0,2,3,0,0,2,0,0,5,2,0,0,1,0,0,0,0,1,0,2,0,0,0,0,0,0
2022-03-28 00:00:00,0,0,0,0,0,0,0,0,0,0,0,0,0,0,0,0,0,0,0,0,0,0,0,0,0,0,0,0,0,0,0,0,0,0,0,0,0,0,0,0,0,0,0,0,0,0,0,0,0,0,0,0,0,0,0,0,0,0,0,0,0,0,0,0,0,0,0,0,0,0,0,0,0,0,0,0,0,0,0,0,0,0,0,0,0,0,0,0,0,0,0,0,0,0,0,0,0
2022-03-28 01:00:00,0,0,0,0,0,0,0,0,0,0,0,0,0,0,0,0,0,0,0,0,0,0,0,0,0,0,0,0,0,0,0,0,0,0,0,0,0,0,0,0,0,0,0,0,0,0,0,0,0,0,0,0,0,0,0,0,0,0,0,0,0,0,0,0,0,0,0,0,0,0,0,0,0,0,0,0,0,0,0,0,0,0,0,0,0,0,0,0,0,0,0,0,0,0,0,0,0
2022-03-28 02:00:00,0,0,0,0,0,0,0,0,0,0,0,0,0,0,0,0,0,0,0,0,0,0,0,0,0,0,0,0,0,0,0,0,0,0,0,0,0,0,0,0,0,0,0,0,0,0,0,0,0,0,0,0,0,0,0,0,0,0,0,0,0,0,0,0,0,0,0,0,0,0,0,0,0,0,0,0,0,0,0,0,0,0,0,0,0,0,0,0,0,0,0,0,0,0,0,0,0
2022-03-28 03:00:00,0,0,0,0,0,0,0,0,0,0,0,0,0,0,0,0,0,0,0,0,0,0,0,0,0,0,0,0,0,0,0,0,0,0,0,0,0,0,0,0,0,0,0,0,0,0,0,0,0,0,0,0,0,0,0,0,0,0,0,0,0,0,0,0,0,0,0,0,0,0,0,0,0,0,0,0,0,0,0,0,0,0,0,0,0,0,0,0,0,0,0,0,0,0,0,0,0
2022-03-28 04:00:00,0,0,0,1,2,3,2,1,0,0,0,0,0,3,5,6,0,0,5,1,6,9,9,10,6,5,6,7,0,8,0,9,0,8,0,0,0,0,0,0,0,0,0,0,0,0,0,0,0,0,0,0,0,0,0,0,0,0,0,0,0,0,0,0,0,0,0,0,0,0,0,0,0,0,0,0,0,0,0,0,0,0,0,0,0,0,0,0,0,0,0,0,0,0,0,0,0
2022-03-28 05:00:00,0,0,0,2,4,5,4,2,0,1,0,2,0,3,7,6,4,0,2,6,5,7,8,9,6,5,4,0,3,5,6,7,5,9,8,7,8,9,5,7,6,3,0,0,5,4,2,1,0,0,2,2,1,2,4,4,3,0,0,0,2,0,1,3,3,3,5,5,0,3,0,4,0,0,0,0,0,0,0,0,0,0,0,0,0,0,0,0,0,0,0,0,0,0,0,0,0
2022-03-28 06:00:00,0,0,1,2,2,2,3,1,0,1,0,0,0,3,3,2,1,4,3,2,3,2,5,4,0,2,3,2,2,5,6,10,8,6,5,5,9,6,7,4,3,2,2,2,2,1,1,0,1,0,1,2,1,0,0,0,2,4,3,2,9,17,20,19,11,7,7,11,14,13,5,8,1,4,4,7,7,2,6,4,0,1,1,1,1,2,0,1,2,0,0,1,0,0,0,0,0
2022-03-28 07:00:00,0,1,0,4,11,16,16,13,12,12,9,7,5,5,7,7,10,9,9,10,10,9,7,5,7,7,5,5,6,25,36,41,28,12,15,18,24,42,39,25,18,19,22,20,18,16,15,2,0,7,8,7,5,4,3,4,3,2,3,1,15,30,41,31,13,17,31,38,38,42,44,41,37,40,31,30,26,22,13,21,21,21,8,8,6,5,7,3,2,0,5,2,4,3,0,0,0
2022-03-28 08:00:00,0,0,0,3,8,10,10,8,9,5,3,3,1,6,12,13,17,17,13,9,12,10,11,10,9,9,10,11,10,14,17,22,20,24,25,26,25,28,23,18,16,14,13,14,10,9,11,3,2,27,24,15,10,6,6,4,4,5,8,9,15,28,35,31,15,11,18,27,28,24,25,23,22,21,21,20,22,18,17,11,8,6,5,4,4,6,2,3,5,4,4,2,3,1,1,0,0
2022-03-28 09:00:00,0,1,0,4,9,4,10,5,2,2,0,1,0,2,6,5,9,9,5,5,8,9,11,13,4,13,13,4,13,12,11,18,15,10,10,11,12,13,14,10,11,10,9,6,4,3,4,2,1,2,3,4,6,7,8,6,4,2,3,1,4,5,6,15,4,4,8,13,14,13,15,15,16,11,17,15,9,2,5,7,8,0,7,5,3,0,4,5,5,2,1,0,2,0,1,0,0
2022-03-28 10:00:00,0,0,1,4,6,7,2,4,2,1,0,0,1,4,5,7,0,6,1,4,4,8,11,5,10,9,11,0,11,10,10,0,9,11,10,8,9,9,10,11,5,4,10,0,9,5,4,0,0,4,6,7,5,5,4,6,5,4,9,11,11,15,18,14,8,9,8,7,9,8,8,7,7,8,6,6,8,6,4,3,3,0,2,3,2,1,2,0,3,0,2,0,0,0,0,0,0
2022-03-28 11:00:00,0,1,1,3,5,7,6,1,2,1,0,1,2,6,6,8,9,10,12,13,12,12,16,14,0,5,4,0,4,0,5,6,0,8,8,8,9,13,12,10,1,8,3,7,0,5,3,2,1,5,0,0,5,4,1,1,5,6,9,10,9,8,11,10,10,4,8,7,7,9,9,8,8,8,8,7,9,5,8,5,2,3,1,3,3,3,4,4,1,0,0,2,2,0,0,0,0
2022-03-28 12:00:00,1,1,2,0,2,4,5,4,2,2,2,4,3,6,8,8,8,9,0,6,9,12,11,9,17,6,17,16,14,13,12,12,9,12,13,16,14,13,17,13,12,10,11,8,0,7,4,3,0,9,10,9,8,0,7,3,5,3,7,6,9,10,9,6,10,9,11,10,10,14,8,13,9,8,8,6,12,10,8,5,3,1,1,1,4,2,3,2,5,3,0,0,4,2,1,0,0
2022-03-28 13:00:00,0,0,0,3,3,2,3,2,3,4,4,3,3,3,8,9,3,0,13,16,17,18,9,11,10,10,12,11,9,12,15,16,13,10,9,7,9,10,10,7,0,0,0,10,6,6,4,2,3,3,7,8,6,7,8,0,9,11,13,13,14,17,18,14,13,7,7,8,9,14,15,13,8,9,6,8,6,4,0,0,1,2,0,1,2,3,2,2,3,2,1,1,1,0,0,0,0
2022-03-28 14:00:00,0,0,1,2,4,5,2,5,2,1,4,1,5,14,15,7,10,7,8,10,12,14,15,14,15,13,15,8,14,11,10,10,14,10,10,8,7,6,6,7,6,7,4,6,5,5,3,2,0,4,5,7,4,5,6,7,9,0,10,8,11,12,8,11,12,14,14,16,17,16,16,13,8,9,0,6,7,4,6,2,2,4,3,2,1,1,1,0,1,0,0,1,1,0,0,0,0
2022-03-28 15:00:00,0,0,0,1,2,2,3,4,3,4,3,1,17,18,21,18,21,22,22,24,27,30,29,31,33,29,30,14,23,19,13,14,11,15,14,15,14,14,18,23,19,17,13,9,8,1,5,3,3,3,8,9,8,10,9,10,11,13,18,10,15,16,15,14,17,15,10,11,12,11,12,12,11,15,25,24,25,25,23,18,7,6,3,4,0,1,0,0,3,3,2,0,0,1,1,0,0
2022-03-28 16:00:00,0,1,2,4,5,3,4,4,3,3,5,0,6,7,10,16,22,24,19,17,20,19,19,20,18,17,16,15,14,15,11,13,13,17,15,16,9,8,7,7,4,3,4,6,4,7,5,2,1,12,13,14,16,12,15,15,15,17,26,26,21,21,16,20,18,15,12,10,11,9,10,9,9,15,15,13,10,10,0,6,5,5,7,5,6,3,2,0,4,3,4,1,3,2,1,0,0
2022-03-28 17:00:00,1,3,2,4,7,6,9,7,6,4,2,2,4,4,7,10,16,11,17,17,18,18,19,19,17,14,16,14,12,9,11,12,12,12,14,13,11,11,11,11,7,6,5,3,4,2,1,0,4,12,18,18,21,23,22,11,14,14,19,20,18,19,20,16,12,13,13,14,15,18,17,14,13,10,10,8,9,0,9,8,7,9,12,12,11,8,8,7,9,9,6,1,0,0,0,0,0
2022-03-28 18:00:00,1,1,3,3,7,8,7,10,9,6,5,9,10,12,17,19,28,31,28,25,28,25,26,27,25,20,20,20,18,16,14,0,15,28,22,16,11,8,12,11,9,8,8,5,7,8,7,5,3,15,20,21,24,21,20,20,22,22,31,22,25,28,27,19,41,28,10,9,11,14,16,17,19,16,15,14,11,7,7,9,5,2,4,6,5,8,7,5,7,5,5,3,2,2,1,0,0
2022-03-28 19:00:00,0,1,2,2,3,4,5,2,0,4,4,5,3,3,4,0,6,7,6,9,10,14,14,19,19,13,11,10,9,10,11,12,10,15,30,25,16,11,13,11,10,0,11,6,1,5,4,3,3,7,10,9,11,11,12,13,14,16,29,19,12,13,15,15,24,17,10,8,9,12,8,6,12,16,14,11,9,7,5,6,4,3,4,3,4,5,4,2,5,7,9,8,6,3,0,0,0
2022-03-28 20:00:00,0,0,1,1,0,2,3,2,2,3,2,0,1,2,5,7,2,4,7,14,12,16,5,7,11,9,8,5,6,6,8,8,8,11,12,9,6,8,7,6,1,5,4,3,0,0,0,2,1,9,9,11,12,0,3,11,15,16,24,22,17,17,18,17,16,16,7,5,4,5,3,3,4,5,8,8,10,0,9,10,5,2,3,2,2,1,0,3,6,4,3,1,1,0,0,0,0
2022-03-28 21:00:00,0,0,0,0,0,1,0,2,3,2,3,0,7,8,7,9,4,0,0,14,11,6,17,11,11,15,13,12,9,10,9,0,0,9,12,8,7,10,7,7,0,0,5,5,0,3,0,1,0,15,17,7,0,14,13,12,14,2,16,17,11,6,11,11,10,6,7,3,2,6,8,3,6,7,6,9,8,8,7,5,4,2,1,0,0,3,2,2,2,4,2,1,1,0,0,0,0
2022-03-28 22:00:00,0,0,0,0,0,1,0,1,0,4,7,0,6,4,5,5,2,0,8,5,10,16,18,21,22,20,17,16,13,8,7,8,7,10,9,8,5,2,0,2,0,1,0,1,0,0,1,0,1,6,8,9,9,8,6,5,7,7,12,11,10,9,9,8,13,6,5,4,0,4,5,7,8,7,8,8,11,12,11,10,6,5,4,2,0,1,0,0,1,0,0,0,0,0,0,0,0
2022-03-28 23:00:00,0,0,0,0,0,0,0,0,0,4,0,0,0,7,5,0,8,0,4,9,8,10,9,10,0,11,11,8,0,7,4,0,6,6,0,5,3,2,4,6,6,9,6,3,3,1,2,1,4,5,5,4,7,3,11,5,8,7,9,7,6,7,7,4,15,13,7,6,4,6,0,0,3,5,2,6,5,4,0,4,2,3,1,3,2,1,0,0,1,2,0,1,0,0,0,0,0
2022-03-29 00:00:00,0,0,0,0,0,0,0,0,0,0,0,0,0,0,0,0,0,0,0,0,0,0,0,0,0,0,0,0,0,0,0,0,0,0,0,0,0,0,0,0,0,0,0,0,0,0,0,0,0,0,0,0,0,0,0,0,0,0,0,0,0,0,0,0,0,0,0,0,0,0,0,0,0,0,0,0,0,0,0,0,0,0,0,0,0,0,0,0,0,0,0,0,0,0,0,0,0
2022-03-29 01:00:00,0,0,0,0,0,0,0,0,0,0,0,0,0,0,0,0,0,0,0,0,0,0,0,0,0,0,0,0,0,0,0,0,0,0,0,0,0,0,0,0,0,0,0,0,0,0,0,0,0,0,0,0,0,0,0,0,0,0,0,0,0,0,0,0,0,0,0,0,0,0,0,0,0,0,0,0,0,0,0,0,0,0,0,0,0,0,0,0,0,0,0,0,0,0,0,0,0
2022-03-29 02:00:00,0,0,0,0,0,0,0,0,0,0,0,0,0,0,0,0,0,0,0,0,0,0,0,0,0,0,0,0,0,0,0,0,0,0,0,0,0,0,0,0,0,0,0,0,0,0,0,0,0,0,0,0,0,0,0,0,0,0,0,0,0,0,0,0,0,0,0,0,0,0,0,0,0,0,0,0,0,0,0,0,0,0,0,0,0,0,0,0,0,0,0,0,0,0,0,0,0
2022-03-29 03:00:00,0,0,0,0,0,0,0,0,0,0,0,0,0,0,0,0,0,0,0,0,0,0,0,0,0,0,0,0,0,0,0,0,0,0,0,0,0,0,0,0,0,0,0,0,0,0,0,0,0,0,0,0,0,0,0,0,0,0,0,0,0,0,0,0,0,0,0,0,0,0,0,0,0,0,0,0,0,0,0,0,0,0,0,0,0,0,0,0,0,0,0,0,0,0,0,0,0
2022-03-29 04:00:00,0,0,0,1,2,2,1,1,0,0,2,0,0,4,5,5,0,0,5,4,7,9,10,8,8,7,6,7,6,0,7,6,0,0,0,0,0,0,0,0,0,0,0,0,0,0,0,0,0,0,0,0,0,0,0,0,0,0,0,0,0,0,0,0,0,0,0,0,0,0,0,0,0,0,0,0,0,0,0,0,0,0,0,0,0,0,0,0,0,0,0,0,0,0,0,0,0
2022-03-29 05:00:00,0,0,0,3,3,4,3,2,1,0,0,1,0,1,6,7,1,0,8,2,2,9,8,8,7,6,6,0,6,7,7,8,6,8,7,7,6,11,7,9,7,5,4,4,0,3,2,1,1,2,2,3,2,0,0,0,0,0,0,0,2,3,4,2,3,5,6,7,8,5,6,0,0,0,0,0,0,0,0,0,0,0,0,0,0,0,0,0,0,0,0,0,0,0,0,0,0
2022-03-29 06:00:00,0,0,0,2,2,2,2,1,1,0,0,0,1,3,4,3,0,4,3,2,0,3,2,3,0,2,2,3,2,8,10,14,12,3,3,4,5,6,4,2,2,0,3,1,3,1,0,1,0,1,0,3,0,0,0,0,2,0,4,2,9,15,13,8,9,7,9,11,13,15,15,3,6,13,11,10,6,5,4,4,1,2,2,1,3,0,0,2,1,0,0,0,0,0,0,0,0
2022-03-29 07:00:00,0,0,0,2,5,11,12,9,9,9,6,3,6,7,13,12,18,21,19,11,12,5,3,4,4,5,4,5,6,25,32,45,34,14,11,14,16,25,25,16,15,7,15,13,13,11,6,2,2,7,10,7,1,8,4,2,3,5,7,2,15,32,40,26,13,17,30,35,25,30,31,29,25,29,23,23,23,21,20,19,21,15,8,0,5,5,4,3,2,1,0,4,5,4,1,0,0
2022-03-29 08:00:00,0,0,1,5,9,12,13,8,7,7,1,5,4,8,11,12,12,14,10,7,10,10,7,8,5,6,5,7,7,16,12,17,33,14,13,14,16,23,28,22,11,20,17,18,16,13,9,4,1,13,17,16,11,11,11,10,9,7,8,7,10,16,24,38,11,15,23,28,28,33,31,34,31,32,34,37,31,22,15,11,9,10,6,4,6,7,6,5,13,6,5,4,5,2,1,0,0
2022-03-29 09:00:00,0,0,2,5,6,8,10,6,4,2,3,1,2,6,6,7,12,13,13,12,11,13,12,14,13,12,10,4,11,12,11,18,16,11,13,13,15,17,18,14,13,12,12,11,9,8,6,3,1,14,14,12,8,7,5,4,3,5,6,4,6,13,14,14,9,9,14,16,16,16,13,17,16,14,13,13,9,5,0,4,2,0,0,2,2,0,2,1,4,1,2,0,1,0,0,0,0
2022-03-29 10:00:00,0,0,1,2,6,1,7,2,1,1,1,1,0,4,4,3,0,0,2,2,3,7,8,8,6,8,9,0,6,6,6,8,7,6,7,7,8,9,8,6,9,6,6,3,7,3,2,2,0,5,6,7,6,7,8,7,6,0,6,4,8,7,8,9,10,8,7,10,11,8,7,7,7,4,5,5,3,3,0,1,0,0,2,3,0,4,0,3,3,2,2,1,1,0,0,0,0
2022-03-29 11:00:00,0,0,0,0,1,3,2,2,1,3,0,2,1,1,5,4,5,0,3,9,7,6,8,11,13,13,15,10,13,9,9,0,9,9,9,8,8,6,5,3,2,1,3,1,2,1,0,0,1,2,4,3,2,5,0,5,0,4,5,7,11,12,16,18,10,9,6,10,4,13,12,12,14,15,13,8,11,7,6,6,4,2,2,2,3,1,0,2,2,1,1,1,0,0,2,0,0
2022-03-29 12:00:00,0,0,0,1,3,0,4,3,0,2,0,1,0,1,3,2,4,0,6,5,6,5,5,7,6,5,3,4,6,8,9,12,11,8,9,10,8,9,6,5,4,4,3,2,0,0,0,1,1,6,9,9,8,0,4,5,4,3,3,4,6,7,6,8,10,7,13,14,9,15,15,14,13,14,12,11,13,7,11,5,3,4,0,4,3,1,2,1,2,1,0,0,1,0,0,0,0
2022-03-29 13:00:00,0,0,2,3,4,6,5,4,2,3,0,0,2,6,9,10,5,9,8,9,10,12,10,11,11,11,11,10,9,10,9,10,9,8,8,11,12,12,13,14,12,11,10,9,8,6,1,5,4,5,5,0,6,0,4,7,9,8,8,8,14,18,19,15,13,10,17,16,16,13,11,8,9,9,11,11,8,6,7,4,3,1,1,0,3,5,4,3,3,1,2,0,0,0,0,0,0
2022-03-29 14:00:00,0,0,1,3,4,5,3,4,3,1,8,0,10,8,9,11,9,0,11,21,21,20,21,19,20,19,19,10,21,17,14,14,8,15,14,14,12,11,7,3,6,5,4,2,3,5,0,2,0,5,6,8,9,7,6,11,8,12,13,10,12,16,9,15,13,12,14,12,13,14,12,10,7,7,7,5,5,0,4,1,6,0,5,5,4,2,1,0,1,0,2,0,0,0,0,0,0
2022-03-29 15:00:00,0,0,0,0,1,1,3,2,2,3,4,0,4,6,6,3,15,18,18,16,19,21,22,26,25,18,26,26,21,18,17,17,13,14,11,12,9,10,10,7,8,7,10,9,8,6,4,3,3,9,12,0,11,6,12,12,13,17,18,16,11,11,13,12,14,14,11,8,0,14,9,13,12,13,10,9,7,6,5,3,5,4,8,8,7,4,2,2,3,0,2,0,0,0,1,0,0
2022-03-29 16:00:00,1,0,0,1,2,2,3,4,4,3,7,6,13,25,28,27,32,32,34,29,33,33,31,34,33,25,26,27,24,26,22,16,18,20,19,16,15,16,15,13,12,10,10,8,8,7,4,2,2,9,12,11,10,11,13,14,16,18,26,20,15,7,12,11,12,11,18,18,20,20,21,20,16,15,15,9,12,14,0,9,8,7,6,8,9,9,7,4,4,4,4,3,1,2,0,0,0
2022-03-29 17:00:00,0,2,3,4,5,5,6,1,2,3,4,4,4,5,5,6,14,16,13,13,13,19,17,17,14,16,17,16,14,20,21,24,22,17,23,15,15,14,12,8,6,4,3,5,8,8,4,4,2,6,9,13,14,16,16,17,21,19,25,22,18,14,17,18,24,16,11,13,11,9,12,10,10,10,9,14,10,11,8,9,7,4,6,7,7,8,4,3,4,3,4,3,1,0,0,0,0
2022-03-29 18:00:00,2,0,3,0,2,4,3,7,7,6,5,3,13,16,17,23,33,35,34,40,40,42,45,43,42,36,38,36,27,19,16,18,14,21,22,20,10,7,8,12,10,13,12,13,17,15,8,4,5,15,19,22,13,23,24,24,24,23,50,44,16,17,16,16,26,16,11,8,7,5,8,8,5,10,9,7,10,11,7,5,4,3,5,15,20,21,15,6,7,6,5,2,0,0,0,0,0
2022-03-29 19:00:00,0,0,0,1,2,0,3,3,2,3,3,1,3,4,5,5,5,8,6,11,14,15,18,20,18,17,18,17,20,15,13,14,8,16,15,13,12,13,9,5,3,2,7,7,0,6,3,2,1,7,9,7,8,4,10,5,15,15,19,39,24,17,18,19,26,23,12,11,13,8,9,0,7,9,10,12,7,0,0,8,4,2,4,0,3,3,1,3,4,0,2,1,3,2,1,0,0
2022-03-29 20:00:00,0,1,2,1,0,2,0,2,1,2,0,0,3,0,4,6,8,5,10,16,17,19,17,17,17,4,18,10,15,12,10,7,0,11,10,9,7,8,0,2,6,9,7,6,6,5,4,1,1,19,22,27,28,28,26,27,28,26,29,24,18,15,10,11,25,18,12,9,3,5,6,7,5,5,5,10,16,14,1,7,3,0,0,1,1,2,1,1,3,2,1,2,0,3,0,0,0
2022-03-29 21:00:00,0,0,2,0,1,0,1,3,4,3,2,4,3,4,7,1,9,6,11,9,17,19,15,16,13,12,10,9,7,8,0,3,4,10,11,6,3,1,2,1,0,0,3,2,0,0,0,1,0,9,14,3,15,15,16,9,15,15,20,16,14,11,11,11,14,10,6,5,3,5,6,6,4,6,5,5,8,9,1,5,3,1,0,0,1,2,2,0,3,3,6,5,3,2,0,0,0
2022-03-29 22:00:00,0,0,0,0,1,2,1,2,3,3,2,2,1,3,4,5,6,5,4,11,12,14,15,18,19,16,15,13,10,9,8,7,0,8,6,5,3,3,1,2,1,2,7,6,0,5,1,0,1,5,7,6,8,6,7,9,10,11,12,11,8,8,6,5,18,8,5,6,5,3,3,4,0,6,9,12,13,9,12,11,5,2,3,2,1,2,0,3,4,2,3,1,2,0,1,0,0
2022-03-29 23:00:00,0,0,0,0,0,0,0,0,0,4,2,0,0,3,2,0,3,4,4,6,6,0,0,8,7,8,9,9,7,5,4,4,0,9,10,4,7,4,1,0,0,2,3,2,0,1,0,0,0,5,2,7,2,8,7,9,14,12,19,18,11,9,10,3,18,15,7,4,3,7,4,6,1,6,6,5,10,5,9,12,6,2,1,2,0,3,2,1,3,2,2,1,0,0,0,0,0
2022-03-30 00:00:00,0,0,0,0,0,0,0,0,0,0,0,0,0,0,0,0,0,0,0,0,0,0,0,0,0,0,0,0,0,0,0,0,0,0,0,0,0,0,0,0,0,0,0,0,0,0,0,0,0,0,0,0,0,0,0,0,0,0,0,0,0,0,0,0,0,0,0,0,0,0,0,0,0,0,0,0,0,0,0,0,0,0,0,0,0,0,0,0,0,0,0,0,0,0,0,0,0
2022-03-30 01:00:00,0,0,0,0,0,0,0,0,0,0,0,0,0,0,0,0,0,0,0,0,0,0,0,0,0,0,0,0,0,0,0,0,0,0,0,0,0,0,0,0,0,0,0,0,0,0,0,0,0,0,0,0,0,0,0,0,0,0,0,0,0,0,0,0,0,0,0,0,0,0,0,0,0,0,0,0,0,0,0,0,0,0,0,0,0,0,0,0,0,0,0,0,0,0,0,0,0
2022-03-30 02:00:00,0,0,0,0,0,0,0,0,0,0,0,0,0,0,0,0,0,0,0,0,0,0,0,0,0,0,0,0,0,0,0,0,0,0,0,0,0,0,0,0,0,0,0,0,0,0,0,0,0,0,0,0,0,0,0,0,0,0,0,0,0,0,0,0,0,0,0,0,0,0,0,0,0,0,0,0,0,0,0,0,0,0,0,0,0,0,0,0,0,0,0,0,0,0,0,0,0
2022-03-30 03:00:00,0,0,0,0,0,0,0,0,0,0,0,0,0,0,0,0,0,0,0,0,0,0,0,0,0,0,0,0,0,0,0,0,0,0,0,0,0,0,0,0,0,0,0,0,0,0,0,0,0,0,0,0,0,0,0,0,0,0,0,0,0,0,0,0,0,0,0,0,0,0,0,0,0,0,0,0,0,0,0,0,0,0,0,0,0,0,0,0,0,0,0,0,0,0,0,0,0
2022-03-30 04:00:00,0,0,0,1,2,2,1,1,0,0,2,0,0,4,6,5,3,0,7,6,10,11,0,9,0,6,6,7,6,0,0,0,0,0,0,0,0,0,0,0,0,0,0,0,0,0,0,0,0,0,0,0,0,0,0,0,0,0,0,0,0,0,0,0,0,0,0,0,0,0,0,0,0,0,0,0,0,0,0,0,0,0,0,0,0,0,0,0,0,0,0,0,0,0,0,0,0
2022-03-30 05:00:00,0,0,0,1,2,2,0,1,0,1,0,1,0,3,2,4,3,5,6,5,5,6,4,7,8,7,5,4,2,9,11,13,4,6,6,5,5,7,7,6,4,5,1,4,0,3,3,1,0,0,1,0,0,0,0,1,0,0,0,2,6,4,5,4,2,0,4,0,0,6,0,5,0,6,0,0,0,0,0,0,0,0,0,0,0,0,0,0,0,0,0,0,0,0,0,0,0
2022-03-30 06:00:00,0,0,0,1,1,2,0,1,0,1,0,0,0,2,2,4,5,2,4,5,3,0,0,0,0,2,3,2,4,6,10,10,6,4,4,7,10,16,12,5,0,0,6,5,4,1,2,0,0,2,4,3,2,0,3,2,3,0,4,0,5,7,9,10,6,5,8,12,12,12,0,0,0,0,0,5,3,4,1,1,0,1,1,0,3,4,3,2,2,0,0,0,1,1,0,0,0
2022-03-30 07:00:00,0,1,0,4,7,11,9,5,8,10,8,0,5,9,17,16,18,19,18,16,8,10,6,13,12,6,11,5,0,9,12,15,0,11,10,12,11,20,20,15,16,4,17,14,13,13,11,5,0,5,7,6,3,5,3,2,0,0,3,5,22,37,47,36,24,10,18,26,26,31,25,29,26,23,19,17,22,21,15,22,21,15,4,5,3,4,1,2,3,3,3,4,1,0,1,0,0
2022-03-30 08:00:00,0,1,0,5,9,12,14,9,8,4,6,4,2,6,11,12,15,14,9,9,10,11,11,11,13,12,15,15,12,24,36,49,43,16,19,16,19,27,30,21,20,17,16,16,13,9,7,4,2,8,7,3,0,0,4,3,2,5,7,2,11,19,23,20,12,15,22,34,33,26,29,33,32,30,29,26,21,16,16,8,5,15,4,3,4,4,3,4,11,3,3,2,2,0,1,1,0
2022-03-30 09:00:00,0,0,2,5,7,8,8,5,3,1,2,3,1,4,3,4,8,3,3,0,9,10,9,11,11,8,8,9,9,11,14,21,16,13,12,10,9,12,12,11,9,8,10,7,8,6,4,2,1,4,5,3,4,3,4,3,2,0,5,1,7,12,13,6,10,9,13,19,18,20,20,21,18,17,15,13,9,6,2,4,6,5,3,4,2,2,1,0,2,0,0,0,1,0,0,0,0
2022-03-30 10:00:00,1,0,0,2,3,4,4,4,3,3,1,0,1,4,4,2,5,4,5,6,7,6,6,8,7,7,5,0,4,5,4,6,0,7,6,9,8,12,12,12,11,11,12,11,11,9,8,7,3,2,2,1,3,2,2,1,1,2,6,1,6,9,10,7,6,9,12,14,15,13,17,13,12,12,11,10,8,9,0,4,3,0,2,2,3,1,2,2,2,1,0,0,0,0,0,0,0
2022-03-30 11:00:00,0,0,2,1,3,2,3,1,3,1,0,1,0,2,5,3,6,0,4,7,8,8,11,10,10,11,11,10,9,10,12,12,11,7,0,0,5,6,5,3,2,3,4,4,0,1,0,2,0,8,3,4,4,2,1,2,0,3,3,4,7,7,9,7,8,6,7,8,9,9,11,12,3,6,7,5,5,5,4,4,2,3,2,0,3,1,1,1,2,2,0,1,0,0,0,0,0
2022-03-30 12:00:00,0,1,0,2,2,5,5,3,2,0,0,3,2,7,6,4,5,6,10,14,7,13,12,13,14,11,7,5,8,7,10,7,0,8,7,8,9,10,11,9,5,7,9,7,5,0,2,1,0,5,9,9,8,0,9,7,8,7,11,11,14,11,17,15,9,10,10,9,9,9,8,2,11,12,13,14,8,7,6,5,5,3,2,0,0,1,2,1,1,1,2,0,3,2,0,0,0
2022-03-30 13:00:00,0,0,1,2,8,0,0,4,3,3,0,0,0,4,6,10,14,4,10,11,13,17,18,17,16,15,17,16,17,15,16,15,12,9,8,7,10,12,9,7,6,2,0,7,6,5,3,2,0,8,11,12,10,9,9,11,13,17,15,13,14,16,17,16,15,13,14,15,0,17,20,18,22,12,18,13,11,8,9,4,4,2,5,4,3,3,2,0,1,1,0,1,0,0,0,0,0
2022-03-30 14:00:00,0,0,0,1,4,6,7,6,3,1,5,4,7,12,15,14,14,13,15,15,12,11,16,18,16,16,18,17,12,11,10,7,0,11,11,11,10,8,5,6,6,7,5,6,3,6,6,2,0,4,8,3,6,10,9,8,10,12,14,12,13,16,16,11,17,13,8,9,0,11,13,0,12,11,10,8,7,6,5,3,4,4,4,5,4,3,3,2,3,4,3,2,1,0,0,0,0
2022-03-30 15:00:00,0,0,2,3,3,4,3,5,4,2,1,2,22,30,31,32,33,21,32,34,37,36,38,25,37,35,30,28,22,19,19,19,17,10,11,10,11,9,6,4,5,4,3,0,3,5,5,4,3,3,7,8,10,12,12,10,14,17,19,20,16,19,15,18,18,14,15,17,17,20,25,14,19,17,18,15,16,5,5,3,5,6,10,11,12,9,5,3,3,0,1,0,1,0,0,0,0
2022-03-30 16:00:00,0,0,1,2,4,0,1,2,2,4,5,0,8,7,10,10,12,0,11,14,16,19,19,20,14,19,18,16,14,15,16,19,17,13,14,12,9,6,11,9,6,5,6,5,4,6,3,1,1,6,8,8,9,11,15,14,16,17,15,17,16,16,14,13,17,17,12,14,13,13,13,12,5,12,8,6,5,15,14,11,9,5,6,6,8,7,4,1,5,4,5,4,0,0,1,0,0
2022-03-30 17:00:00,0,2,3,3,4,3,5,4,3,4,2,2,4,7,12,13,15,15,16,21,25,27,27,30,29,26,24,23,18,14,15,14,10,22,12,12,14,15,20,18,15,11,9,5,2,0,2,1,0,9,11,12,12,13,14,13,11,16,26,23,14,7,10,14,22,20,13,12,12,12,12,11,9,9,7,6,8,7,6,6,4,1,0,3,2,2,2,1,3,2,4,1,0,0,0,0,0
2022-03-30 18:00:00,0,1,2,1,4,6,4,5,3,5,5,5,5,8,9,11,16,17,16,19,20,21,20,17,15,14,19,19,16,12,13,13,14,34,32,25,18,12,8,7,5,6,10,7,9,10,6,4,5,9,10,11,14,17,18,16,20,23,34,28,20,19,20,16,30,24,10,9,10,11,10,8,6,11,9,10,11,0,10,17,10,5,8,9,12,14,13,8,9,8,8,6,1,1,0,0,0
2022-03-30 19:00:00,1,1,0,3,4,0,3,4,3,4,3,2,2,5,8,7,17,0,4,23,23,19,22,29,28,23,21,22,17,13,13,12,11,21,21,16,12,8,11,11,8,12,9,7,7,3,3,2,1,13,16,16,7,16,17,16,19,26,24,20,15,15,14,14,19,18,11,9,11,8,9,8,6,7,7,5,5,4,5,7,3,1,1,2,2,4,4,5,7,3,7,3,2,0,0,0,0
2022-03-30 20:00:00,0,0,1,2,0,1,1,3,0,4,0,4,4,3,8,5,11,0,13,18,16,15,14,13,12,7,11,10,8,6,6,0,5,7,9,9,9,7,5,5,3,5,4,4,3,4,2,4,1,6,10,12,12,11,13,12,12,13,11,11,8,7,9,5,17,15,13,13,5,11,6,10,8,9,8,7,8,7,5,5,3,2,0,1,0,1,2,2,0,0,1,0,0,0,0,0,0
2022-03-30 21:00:00,0,1,0,0,1,1,3,4,4,4,2,4,5,3,6,5,10,9,7,11,15,13,13,16,15,14,13,12,11,7,7,4,0,12,8,9,7,4,3,3,0,4,3,4,3,2,1,1,0,14,16,0,6,18,10,17,20,21,22,17,10,10,11,5,16,15,8,6,2,9,8,7,3,3,1,3,1,0,5,8,3,0,0,0,1,1,3,2,4,0,4,4,3,0,1,0,0
2022-03-30 22:00:00,0,0,0,0,0,0,0,0,0,3,5,0,4,1,2,4,6,5,4,4,6,10,6,13,12,10,11,4,10,11,11,10,9,18,17,12,3,4,2,1,0,4,5,4,2,0,1,0,1,10,12,4,10,11,12,11,14,13,17,14,13,11,7,8,17,16,9,8,7,7,4,6,5,8,15,19,21,20,0,18,10,8,4,3,1,2,1,3,4,3,2,1,0,0,0,0,0
2022-03-30 23:00:00,0,0,0,0,0,0,0,0,1,4,0,0,0,0,3,0,5,0,1,5,10,11,10,11,8,0,12,10,11,9,8,7,6,10,8,6,5,2,2,0,0,1,0,2,4,2,0,2,2,6,8,9,6,4,0,4,12,15,22,19,13,8,7,6,17,14,5,3,0,4,4,3,2,3,3,3,4,3,3,5,3,1,0,0,2,1,0,0,4,3,2,2,0,0,0,0,0
2022-03-31 00:00:00,0,0,0,0,0,0,0,0,0,0,0,0,0,0,0,0,0,0,0,0,0,0,0,0,0,0,0,0,0,0,0,0,0,0,0,0,0,0,0,0,0,0,0,0,0,0,0,0,0,0,0,0,0,0,0,0,0,0,0,0,0,0,0,0,0,0,0,0,0,0,0,0,0,0,0,0,0,0,0,0,0,0,0,0,0,0,0,0,0,0,0,0,0,0,0,0,0
2022-03-31 01:00:00,0,0,0,0,0,0,0,0,0,0,0,0,0,0,0,0,0,0,0,0,0,0,0,0,0,0,0,0,0,0,0,0,0,0,0,0,0,0,0,0,0,0,0,0,0,0,0,0,0,0,0,0,0,0,0,0,0,0,0,0,0,0,0,0,0,0,0,0,0,0,0,0,0,0,0,0,0,0,0,0,0,0,0,0,0,0,0,0,0,0,0,0,0,0,0,0,0
2022-03-31 02:00:00,0,0,0,0,0,0,0,0,0,0,0,0,0,0,0,0,0,0,0,0,0,0,0,0,0,0,0,0,0,0,0,0,0,0,0,0,0,0,0,0,0,0,0,0,0,0,0,0,0,0,0,0,0,0,0,0,0,0,0,0,0,0,0,0,0,0,0,0,0,0,0,0,0,0,0,0,0,0,0,0,0,0,0,0,0,0,0,0,0,0,0,0,0,0,0,0,0
2022-03-31 03:00:00,0,0,0,0,0,0,0,0,0,0,0,0,0,0,0,0,0,0,0,0,0,0,0,0,0,0,0,0,0,0,0,0,0,0,0,0,0,0,0,0,0,0,0,0,0,0,0,0,0,0,0,0,0,0,0,0,0,0,0,0,0,0,0,0,0,0,0,0,0,0,0,0,0,0,0,0,0,0,0,0,0,0,0,0,0,0,0,0,0,0,0,0,0,0,0,0,0
2022-03-31 04:00:00,0,0,0,1,3,4,2,2,0,1,2,0,1,4,5,6,0,5,6,7,9,10,11,0,9,8,5,5,0,0,0,0,0,6,0,0,0,0,0,0,0,0,0,0,0,0,0,0,0,0,0,0,0,0,0,0,0,0,0,0,0,0,0,0,0,0,0,0,0,0,0,0,0,0,0,0,0,0,0,0,0,0,0,0,0,0,0,0,0,0,0,0,0,0,0,0,0
2022-03-31 05:00:00,0,0,0,1,2,0,1,1,0,0,0,1,0,3,3,0,7,1,4,13,5,14,16,5,15,11,8,0,6,8,10,7,7,6,6,7,8,10,13,9,8,7,5,5,3,4,2,0,1,1,2,0,1,0,0,3,3,2,0,0,4,6,7,0,5,6,6,5,4,3,2,0,0,3,0,0,3,0,1,0,0,0,0,0,0,0,0,0,0,0,0,0,0,0,0,0,0
2022-03-31 06:00:00,0,1,0,2,5,0,0,1,0,0,1,0,1,3,5,2,2,0,1,3,0,1,0,4,4,1,3,4,5,9,9,11,10,6,3,9,10,13,10,6,0,5,4,0,4,1,3,0,0,1,2,3,0,2,4,3,4,3,4,0,11,16,18,18,10,10,3,10,6,9,7,9,6,5,7,6,1,4,0,3,2,2,0,1,0,1,0,0,0,0,2,0,1,0,0,0,0
2022-03-31 07:00:00,0,8,0,5,10,15,13,11,10,10,7,6,5,7,6,8,10,0,9,9,9,9,10,9,6,5,5,4,4,9,17,25,23,13,14,16,13,23,31,22,20,17,18,6,12,4,3,0,0,5,7,5,3,4,5,3,0,5,7,9,24,33,40,18,11,14,23,27,30,33,10,31,29,27,22,23,21,19,17,17,18,14,4,5,3,3,4,1,3,2,3,1,2,3,0,0,0
2022-03-31 08:00:00,0,1,0,6,15,17,15,9,15,8,7,3,4,8,10,11,9,10,9,7,7,8,9,12,11,11,12,13,12,44,59,65,60,24,23,25,27,31,49,26,24,22,23,20,18,14,9,3,1,22,24,22,19,11,13,10,4,4,7,6,11,17,19,33,14,14,18,23,25,25,29,30,30,33,32,34,35,24,16,11,9,8,6,6,6,5,3,4,8,2,2,0,0,1,0,0,0
2022-03-31 09:00:00,1,1,0,5,7,1,5,4,3,1,0,0,1,5,8,7,6,2,7,5,6,8,7,7,6,6,8,9,9,11,13,17,15,10,13,15,13,14,13,16,15,15,15,15,14,12,6,3,2,5,6,5,1,3,0,2,3,0,8,6,7,14,19,15,12,15,18,16,18,17,17,17,13,14,16,16,14,11,8,8,9,7,5,4,3,2,1,2,3,2,0,0,1,0,0,0,0
2022-03-31 10:00:00,0,1,0,3,4,4,2,1,0,0,0,1,0,3,5,6,7,4,6,5,7,6,4,7,8,10,10,8,8,7,5,3,2,6,5,5,8,11,11,8,3,7,2,4,2,3,1,1,0,5,11,16,13,11,10,7,8,7,7,6,8,9,9,9,5,3,7,5,9,11,13,14,13,17,8,14,7,6,6,4,3,0,2,2,2,2,2,1,2,1,0,0,0,0,0,0,0
2022-03-31 11:00:00,0,0,2,0,3,1,1,1,2,2,1,2,3,6,7,6,8,7,9,7,8,5,9,11,4,12,9,0,7,8,6,7,8,5,6,5,6,5,5,6,7,6,6,4,3,2,3,2,1,5,7,9,4,10,4,2,11,12,12,9,8,10,12,11,9,8,8,7,9,8,9,8,7,7,0,7,6,5,3,4,3,0,2,1,1,1,0,2,1,0,0,0,0,0,0,0,0
2022-03-31 12:00:00,1,0,0,3,4,5,5,3,2,1,0,2,4,5,2,5,8,4,6,6,10,9,10,12,12,11,9,8,6,7,8,7,8,9,7,10,11,8,9,6,5,5,6,7,8,6,8,3,2,2,3,4,2,3,5,6,8,0,7,11,9,10,10,9,8,6,9,10,11,13,6,11,9,10,11,6,14,14,12,8,4,3,1,0,1,0,0,0,2,2,2,0,1,2,0,0,0
2022-03-31 13:00:00,0,0,0,2,1,3,0,2,3,4,2,2,4,3,8,7,10,0,9,9,11,9,11,12,11,10,10,11,10,8,2,7,6,7,7,6,6,8,8,4,6,4,4,3,3,2,0,1,1,3,6,2,5,0,0,4,4,5,6,0,7,9,10,11,9,6,8,9,11,12,11,10,9,9,11,12,7,7,6,8,6,3,5,5,0,3,4,3,6,3,0,1,0,0,0,0,0
2022-03-31 14:00:00,0,0,0,2,1,1,1,0,0,3,6,7,7,8,10,13,9,10,15,16,16,14,14,13,12,14,18,18,16,14,7,7,6,9,9,7,6,7,4,3,5,2,6,4,4,6,5,2,0,3,4,2,7,0,8,10,13,14,12,9,10,10,12,9,9,9,15,16,19,18,18,18,18,18,12,10,5,7,0,6,7,6,4,6,5,6,7,6,5,3,3,1,0,4,1,0,0
2022-03-31 15:00:00,1,0,0,2,2,3,4,5,4,4,2,0,4,8,9,11,12,12,16,17,17,29,33,37,37,32,26,0,20,16,12,13,6,14,18,15,9,11,11,6,4,4,4,5,0,0,3,2,1,5,7,9,11,6,10,9,8,6,6,5,7,7,10,6,13,12,14,13,14,15,11,11,9,13,12,11,12,11,9,4,5,3,3,0,3,2,2,0,0,1,3,2,0,0,0,0,0
2022-03-31 16:00:00,0,3,1,1,1,3,2,3,2,3,6,7,11,12,15,17,20,21,22,22,30,21,26,27,27,24,25,20,23,21,23,21,17,12,14,17,12,13,11,10,9,8,8,9,9,7,6,4,2,7,11,12,15,12,13,15,15,14,18,18,18,15,16,16,16,14,11,12,11,13,10,12,11,13,12,10,10,13,4,10,6,5,7,5,4,5,4,2,3,3,4,0,0,1,0,0,0
2022-03-31 17:00:00,0,0,0,1,7,4,5,4,4,5,1,4,5,9,12,14,16,0,18,18,22,23,23,22,20,20,19,17,16,14,12,11,10,15,15,13,12,15,14,12,9,9,8,0,7,4,2,2,2,9,11,13,14,16,15,12,13,14,16,15,14,16,19,16,26,21,16,15,5,16,13,14,13,14,16,16,13,13,12,8,7,6,2,6,7,7,5,4,5,4,3,2,1,0,0,0,0
2022-03-31 18:00:00,0,0,3,4,10,10,9,8,6,5,7,5,6,10,15,17,26,19,26,27,25,26,25,29,28,26,28,25,22,22,20,21,19,29,28,21,15,13,16,15,13,11,12,11,14,6,12,6,8,12,14,18,20,23,21,20,24,27,31,27,19,17,16,14,35,25,13,12,11,13,0,11,10,14,15,16,16,13,11,11,5,3,2,6,7,7,6,4,12,12,9,6,2,2,1,0,0
2022-03-31 19:00:00,0,1,1,1,3,3,4,4,3,5,0,4,8,5,7,13,16,15,2,13,14,13,11,9,8,7,12,0,13,12,8,13,12,20,21,19,12,7,10,11,9,9,8,9,4,8,6,2,5,10,15,0,14,13,16,17,15,17,28,25,12,13,13,13,19,16,14,13,12,13,10,9,8,9,8,3,8,7,2,4,4,2,3,2,2,4,3,0,4,0,3,1,2,0,0,0,0
2022-03-31 20:00:00,0,0,0,0,0,3,1,2,1,3,4,2,5,4,6,6,11,7,12,14,14,15,16,18,17,14,15,12,10,9,9,6,8,12,13,7,6,5,3,0,4,5,2,4,3,4,5,4,1,5,4,4,5,4,6,7,8,7,8,24,16,14,17,14,14,9,7,6,7,5,4,0,3,4,7,10,9,0,0,9,2,1,0,0,2,1,1,0,2,3,2,2,1,0,0,0,0
2022-03-31 21:00:00,0,0,0,0,1,2,1,1,2,2,1,0,2,4,0,7,9,8,11,15,12,12,12,15,5,13,15,13,8,7,6,5,2,12,0,10,9,4,4,5,0,0,5,3,0,5,4,2,0,4,12,11,12,14,15,8,15,15,24,20,17,15,11,7,15,10,7,6,3,5,7,0,11,10,11,11,11,11,0,12,4,2,1,2,5,6,5,1,4,4,2,2,1,1,0,0,0
2022-03-31 22:00:00,0,0,0,0,0,2,0,1,2,3,7,6,5,3,3,4,3,4,5,10,13,17,16,15,15,11,13,1,9,9,10,8,4,11,11,9,3,3,4,2,6,12,12,11,8,9,6,4,1,8,10,8,6,8,8,7,11,14,21,20,16,13,11,10,13,11,7,6,5,3,3,0,2,2,10,11,8,7,6,8,5,2,1,2,1,2,3,3,4,0,4,2,1,0,0,0,0
2022-03-31 23:00:00,0,0,0,0,0,0,0,0,0,0,0,0,0,1,2,2,6,8,5,9,6,6,0,0,0,5,5,5,5,3,7,2,1,0,8,7,5,2,0,2,3,4,5,5,0,6,5,4,2,6,6,2,5,0,9,7,9,7,8,6,7,8,0,3,12,10,5,4,7,6,8,5,4,6,5,3,8,9,0,9,6,1,0,2,1,1,0,0,2,2,3,1,1,0,0,0,0
2022-04-01 00:00:00,0,0,0,0,0,0,0,0,0,0,0,0,0,0,0,0,0,0,0,0,0,0,0,0,0,0,0,0,0,0,0,0,0,0,0,0,0,0,0,0,0,0,0,0,0,0,0,0,0,0,0,0,0,0,0,0,0,0,0,0,0,0,0,0,0,0,0,0,0,0,0,0,0,0,0,0,0,0,0,0,0,0,0,0,0,0,0,0,0,0,0,0,0,0,0,0,0
2022-04-01 01:00:00,0,0,0,0,0,0,0,0,0,0,0,0,0,0,0,0,0,0,0,0,0,0,0,0,0,0,0,0,0,0,0,0,0,0,0,0,0,0,0,0,0,0,0,0,0,0,0,0,0,0,0,0,0,0,0,0,0,0,0,0,0,0,0,0,0,0,0,0,0,0,0,0,0,0,0,0,0,0,0,0,0,0,0,0,0,0,0,0,0,0,0,0,0,0,0,0,0
2022-04-01 02:00:00,0,0,0,0,0,0,0,0,0,0,0,0,0,0,0,0,0,0,0,0,0,0,0,0,0,0,0,0,0,0,0,0,0,0,0,0,0,0,0,0,0,0,0,0,0,0,0,0,0,0,0,0,0,0,0,0,0,0,0,0,0,0,0,0,0,0,0,0,0,0,0,0,0,0,0,0,0,0,0,0,0,0,0,0,0,0,0,0,0,0,0,0,0,0,0,0,0
2022-04-01 03:00:00,0,0,0,0,0,0,0,0,0,0,0,0,0,0,0,0,0,0,0,0,0,0,0,0,0,0,0,0,0,0,0,0,0,0,0,0,0,0,0,0,0,0,0,0,0,0,0,0,0,0,0,0,0,0,0,0,0,0,0,0,0,0,0,0,0,0,0,0,0,0,0,0,0,0,0,0,0,0,0,0,0,0,0,0,0,0,0,0,0,0,0,0,0,0,0,0,0
2022-04-01 04:00:00,0,0,0,1,2,2,1,3,0,0,3,2,3,5,7,7,0,3,8,9,13,13,14,13,11,5,4,4,0,0,6,0,0,0,0,0,0,0,0,0,0,0,0,0,0,0,0,0,0,0,0,0,0,0,0,0,0,0,0,0,0,0,0,0,0,0,0,0,0,0,0,0,0,0,0,0,0,0,0,0,0,0,0,0,0,0,0,0,0,0,0,0,0,0,0,0,0
2022-04-01 05:00:00,0,0,0,1,1,2,1,0,0,0,0,2,0,4,2,1,4,0,3,5,5,0,2,6,4,5,4,5,4,6,3,9,8,7,3,8,9,12,13,9,3,8,7,6,5,4,2,1,0,1,4,1,0,3,0,0,0,0,1,0,4,0,5,4,0,5,6,5,0,3,0,0,0,0,0,0,0,0,0,0,0,0,0,0,0,0,0,0,0,0,0,0,0,0,0,0,0
2022-04-01 06:00:00,0,0,0,3,2,1,3,1,1,0,0,0,0,1,3,5,6,0,5,7,6,3,0,5,1,3,5,4,3,8,10,11,9,5,3,4,6,7,9,5,2,1,2,1,1,1,0,1,0,4,5,0,4,3,0,0,1,0,1,0,5,9,11,12,7,5,8,10,8,9,11,8,9,6,5,8,7,5,1,3,1,0,1,1,0,0,2,1,0,0,0,0,0,0,0,0,0
2022-04-01 07:00:00,0,0,0,4,6,10,10,9,8,9,6,0,3,9,13,11,8,8,11,12,9,3,4,4,3,4,4,6,8,20,22,35,24,12,13,16,16,23,32,21,19,16,18,13,16,14,11,5,0,3,0,0,0,4,3,3,0,0,3,1,7,10,12,11,12,15,19,23,24,26,27,26,20,20,17,19,17,16,13,15,17,12,5,5,3,4,3,2,4,3,1,2,4,3,1,0,0
2022-04-01 08:00:00,0,1,0,4,7,9,8,6,5,7,7,3,4,14,17,12,14,16,15,11,13,13,12,13,13,12,12,14,12,21,24,36,28,20,19,16,19,26,27,18,16,19,20,12,13,11,7,1,0,26,27,14,7,5,6,4,3,4,3,4,11,27,30,28,14,18,29,38,36,29,33,34,34,34,30,27,21,12,10,6,5,4,3,0,5,3,3,4,5,3,2,3,0,1,2,1,0
2022-04-01 09:00:00,0,0,1,2,4,5,5,5,3,2,0,1,0,4,7,7,11,11,10,9,8,10,6,12,13,12,10,0,12,20,22,30,25,16,15,15,20,25,30,21,18,19,17,8,15,13,10,4,2,11,11,9,9,2,8,6,6,5,5,4,10,13,14,13,10,12,13,16,0,18,17,14,15,14,15,13,9,6,3,4,3,2,3,3,2,1,1,0,5,2,0,1,1,0,0,0,0
2022-04-01 10:00:00,0,0,1,1,2,4,4,5,4,2,0,0,2,3,11,12,12,0,5,6,5,6,8,9,7,7,8,4,7,11,13,14,10,13,18,19,19,25,22,18,20,19,19,17,16,14,11,5,1,3,3,2,2,3,3,0,7,8,9,7,10,12,14,16,11,11,12,13,14,12,14,13,7,14,3,11,8,4,3,7,5,6,5,6,6,3,4,2,0,2,3,0,0,0,0,0,0
2022-04-01 11:00:00,0,0,0,1,2,3,4,1,0,0,2,1,2,3,7,6,8,0,6,8,9,9,8,10,7,9,7,8,7,11,12,13,12,10,11,10,9,11,10,7,4,3,5,4,0,4,0,2,1,5,11,0,11,0,10,9,0,3,3,10,7,9,10,9,7,6,10,8,11,11,10,10,9,12,10,9,5,5,3,6,5,1,4,2,2,1,1,0,1,2,1,0,0,0,0,0,0
2022-04-01 12:00:00,0,1,0,0,3,2,6,5,4,3,2,1,4,8,9,9,8,9,10,10,11,10,7,11,10,12,11,10,10,11,11,13,9,8,10,10,9,13,13,10,9,9,8,0,6,6,3,2,1,2,5,0,4,5,0,5,6,5,8,9,8,8,10,8,7,7,9,11,11,9,9,8,9,8,9,8,7,6,3,3,4,3,0,1,3,2,3,2,2,0,1,0,1,0,1,0,0
2022-04-01 13:00:00,0,0,1,2,4,2,2,2,1,2,5,3,0,4,8,10,11,2,10,10,11,12,11,11,12,12,11,10,9,6,8,12,10,12,17,16,15,15,15,14,9,9,8,8,8,6,6,4,2,10,8,7,8,5,10,6,8,10,16,16,10,14,13,13,17,16,16,18,19,23,21,20,21,20,19,18,15,14,10,6,5,3,4,3,3,4,2,0,3,0,2,1,1,0,0,0,0
2022-04-01 14:00:00,0,0,1,2,2,3,5,2,3,2,1,1,2,3,10,7,11,10,10,12,14,15,15,17,18,18,15,13,14,13,14,15,14,14,16,14,14,11,9,4,0,5,2,0,0,0,4,3,1,11,13,12,10,13,14,13,9,11,10,9,9,9,11,10,13,13,14,16,17,15,13,7,6,10,10,9,7,9,7,6,5,1,4,4,5,3,4,2,3,1,1,0,0,0,0,0,0
2022-04-01 15:00:00,0,0,1,0,2,3,5,7,6,8,3,4,7,7,7,5,11,12,10,21,23,27,26,29,30,29,27,23,19,17,18,20,19,18,16,16,14,15,16,16,14,7,6,6,0,5,4,2,0,10,14,15,16,7,18,17,10,9,12,16,15,15,16,15,21,17,13,11,14,15,16,16,13,9,13,12,13,9,12,11,5,4,4,4,5,3,4,3,4,5,4,6,0,0,5,0,0
2022-04-01 16:00:00,1,6,1,3,6,8,6,5,4,5,4,4,11,12,15,13,19,22,20,22,24,24,24,29,27,28,30,28,26,21,23,22,14,15,9,14,9,11,13,11,10,9,7,6,5,4,4,2,1,7,14,14,13,12,11,9,11,11,13,12,11,10,14,13,16,15,11,12,11,10,13,13,11,10,17,19,17,4,3,13,12,6,6,7,6,3,0,2,5,4,1,1,0,0,3,0,0
2022-04-01 17:00:00,0,0,7,7,8,9,10,6,4,4,4,3,7,8,10,9,10,0,9,8,10,27,24,26,24,20,21,8,20,17,16,14,13,14,16,16,13,11,10,9,6,9,8,5,3,3,0,2,4,12,16,17,18,0,19,18,15,14,18,16,17,19,25,22,23,22,21,16,17,18,17,15,13,10,9,7,9,10,7,9,9,5,4,3,4,6,7,5,6,3,1,0,0,0,0,0,0
2022-04-01 18:00:00,1,0,2,2,4,5,7,10,8,12,1,14,13,10,14,16,21,23,23,30,34,38,37,37,32,31,28,27,25,24,23,25,24,36,37,31,19,15,10,9,8,10,8,7,9,7,7,4,4,20,27,15,32,37,37,36,38,11,15,13,13,12,19,15,25,21,16,14,16,13,12,7,10,15,13,11,9,0,0,8,6,4,4,10,15,14,13,5,6,2,7,5,3,0,0,0,0
2022-04-01 19:00:00,0,0,1,4,5,6,6,3,5,2,1,1,4,4,8,7,15,15,14,16,18,17,21,24,22,22,27,25,22,12,14,15,15,16,17,11,9,6,6,7,8,9,10,8,7,7,1,4,2,21,29,7,30,28,27,28,32,40,45,42,32,30,27,22,27,24,17,16,17,20,18,16,10,14,12,10,10,11,11,7,4,3,3,5,5,7,5,3,2,2,2,0,1,0,0,0,0
2022-04-01 20:00:00,0,0,1,0,2,4,3,4,2,5,0,4,3,3,4,6,12,0,12,22,23,22,17,19,18,17,19,22,21,12,13,14,13,6,6,5,3,6,4,3,2,3,4,3,6,0,7,4,2,15,17,17,16,16,7,18,19,10,27,23,17,8,7,6,12,15,8,7,8,9,9,7,5,7,8,6,7,6,5,8,6,3,1,0,0,2,3,4,3,0,2,0,0,0,0,0,0
2022-04-01 21:00:00,0,0,0,1,0,0,0,2,3,3,0,1,3,5,6,5,8,10,3,20,24,6,21,22,18,17,13,10,9,6,6,0,3,8,7,5,3,3,2,2,0,2,3,2,1,0,1,0,1,16,20,0,21,24,23,25,26,26,26,13,12,16,15,15,19,14,14,16,15,10,14,6,13,11,8,9,9,7,3,3,2,1,2,0,1,2,2,1,0,3,3,2,3,1,1,0,0
2022-04-01 22:00:00,0,0,1,1,1,0,1,0,0,8,9,0,1,8,4,0,0,2,7,18,22,28,29,32,26,22,20,14,15,12,12,10,9,10,9,8,5,4,2,3,0,2,3,1,0,4,2,1,1,13,16,3,16,4,14,13,12,12,34,30,29,27,28,26,31,22,10,8,3,6,6,5,2,0,8,0,9,6,5,4,2,1,0,0,2,1,2,1,3,1,3,1,0,0,1,0,0
2022-04-01 23:00:00,0,0,0,0,0,0,0,0,2,1,0,0,0,1,4,0,5,6,9,15,17,16,10,17,12,10,14,9,13,11,10,9,4,9,7,9,6,2,1,3,1,3,4,3,4,0,3,1,5,8,4,5,10,3,10,11,11,4,19,16,12,11,11,12,17,16,7,3,6,6,7,8,5,9,8,5,9,10,1,8,3,2,0,0,1,0,0,0,1,0,0,0,0,0,0,0,0
2022-04-02 00:00:00,0,0,0,0,0,0,0,0,0,0,0,0,0,0,0,0,0,0,0,0,0,0,0,0,0,0,0,0,0,0,0,0,0,0,0,0,0,0,0,0,0,0,0,0,0,0,0,0,0,0,0,0,0,0,0,0,0,0,0,0,0,0,0,0,0,0,0,0,0,0,0,0,0,0,0,0,0,0,0,0,0,0,0,0,0,0,0,0,0,0,0,0,0,0,0,0,0
2022-04-02 01:00:00,0,0,0,0,0,0,0,0,0,0,0,0,0,0,0,0,0,0,0,0,0,0,0,0,0,0,0,0,0,0,0,0,0,0,0,0,0,0,0,0,0,0,0,0,0,0,0,0,0,0,0,0,0,0,0,0,0,0,0,0,0,0,0,0,0,0,0,0,0,0,0,0,0,0,0,0,0,0,0,0,0,0,0,0,0,0,0,0,0,0,0,0,0,0,0,0,0
2022-04-02 02:00:00,0,0,0,0,0,0,0,0,0,0,0,0,0,0,0,0,0,0,0,0,0,0,0,0,0,0,0,0,0,0,0,0,0,0,0,0,0,0,0,0,0,0,0,0,0,0,0,0,0,0,0,0,0,0,0,0,0,0,0,0,0,0,0,0,0,0,0,0,0,0,0,0,0,0,0,0,0,0,0,0,0,0,0,0,0,0,0,0,0,0,0,0,0,0,0,0,0
2022-04-02 03:00:00,0,0,0,0,0,0,0,0,0,0,0,0,0,0,0,0,0,0,0,0,0,0,0,0,0,0,0,0,0,0,0,0,0,0,0,0,0,0,0,0,0,0,0,0,0,0,0,0,0,0,0,0,0,0,0,0,0,0,0,0,0,0,0,0,0,0,0,0,0,0,0,0,0,0,0,0,0,0,0,0,0,0,0,0,0,0,0,0,0,0,0,0,0,0,0,0,0
2022-04-02 04:00:00,0,0,0,1,1,1,0,0,0,0,2,0,0,4,5,5,0,0,5,6,7,8,9,0,6,4,4,5,4,0,0,0,0,3,0,0,0,0,0,0,0,0,0,0,0,0,0,0,0,0,0,0,0,0,0,0,0,0,0,0,0,0,0,0,0,0,0,0,0,0,0,0,0,0,0,0,0,0,0,0,0,0,0,0,0,0,0,0,0,0,0,0,0,0,0,0,0
2022-04-02 05:00:00,0,0,0,1,2,1,0,0,0,0,0,2,0,3,5,4,6,2,2,7,7,6,5,4,3,4,2,2,0,3,3,3,1,6,4,5,7,9,7,5,3,2,0,0,1,1,1,1,1,0,2,3,0,0,0,0,2,1,0,0,1,2,0,1,0,1,3,2,0,0,4,0,0,0,0,0,0,0,0,0,0,0,0,0,0,0,0,0,0,0,0,0,0,0,0,0,0
2022-04-02 06:00:00,0,0,0,0,1,2,1,1,0,0,0,0,0,0,2,1,0,0,1,2,1,0,0,0,0,0,2,0,0,3,4,4,3,3,3,2,3,4,4,0,4,3,5,3,2,0,2,1,0,2,0,1,1,0,2,0,0,1,3,2,3,5,3,2,2,2,3,4,3,2,5,4,5,0,3,4,2,1,1,0,1,0,1,0,1,0,0,0,0,0,0,0,1,0,0,0,0
2022-04-02 07:00:00,0,0,0,1,0,3,0,2,1,1,2,0,0,2,3,3,3,4,4,3,1,2,0,3,4,0,1,3,4,6,7,8,6,5,0,6,6,6,7,5,4,0,3,0,0,4,3,2,0,1,2,3,2,0,0,1,2,1,3,0,3,5,6,4,3,6,7,6,5,5,2,4,2,0,1,0,2,0,0,3,2,0,3,0,1,0,0,0,1,2,0,0,0,1,0,0,0
2022-04-02 08:00:00,0,0,0,2,4,0,3,1,4,1,0,1,0,4,4,5,7,0,8,6,6,9,5,10,9,9,8,10,11,10,12,12,13,14,14,15,19,27,27,25,19,17,19,18,16,13,8,2,0,1,2,0,0,0,0,0,2,0,1,1,5,8,12,9,9,10,13,17,19,18,9,19,17,15,12,9,8,5,4,1,0,0,0,1,1,2,1,0,0,0,0,0,0,1,0,0,0
2022-04-02 09:00:00,0,0,0,3,4,5,2,2,1,0,2,0,3,5,9,12,13,14,4,7,6,5,6,7,8,6,6,8,7,14,18,21,8,7,8,9,12,16,12,11,6,9,9,8,6,7,5,5,3,2,4,5,4,3,6,3,4,2,2,0,3,6,7,8,12,11,13,11,10,8,8,9,4,6,5,5,8,6,5,3,2,3,0,2,4,0,3,1,0,0,1,1,0,0,0,0,0
2022-04-02 10:00:00,0,1,0,3,4,0,2,1,0,1,0,0,3,6,7,6,8,9,8,6,7,4,5,5,7,8,9,0,6,6,5,5,19,14,17,19,20,24,23,21,14,12,11,12,0,11,9,4,1,2,3,2,3,4,7,5,5,7,10,10,10,13,14,12,8,6,8,10,12,9,2,0,8,11,11,8,5,3,2,4,3,1,3,4,3,2,1,0,2,0,1,0,0,0,0,0,0
2022-04-02 11:00:00,0,0,1,2,3,5,3,3,3,5,0,6,1,5,6,10,10,11,11,10,11,9,12,14,13,4,14,13,12,11,12,13,12,13,17,17,12,14,17,17,16,11,10,11,10,9,5,3,2,8,8,8,7,8,10,9,11,12,13,10,12,15,17,8,13,9,10,16,16,11,10,8,9,8,9,8,5,4,1,1,1,2,4,6,6,7,8,2,2,2,3,2,2,5,3,0,0
2022-04-02 12:00:00,0,0,0,2,5,6,6,4,1,1,2,0,2,4,11,9,7,5,9,11,14,14,15,20,19,18,16,15,17,16,16,16,14,12,13,13,12,16,18,17,13,12,10,8,7,8,5,3,2,9,11,11,11,0,11,10,10,10,10,8,8,9,10,9,14,16,19,25,22,11,20,18,15,15,16,12,9,0,0,2,1,0,1,0,0,3,0,2,2,1,0,0,0,0,0,0,0
2022-04-02 13:00:00,0,0,0,6,7,8,3,6,2,0,3,3,4,6,13,17,22,21,16,17,13,14,13,13,14,15,16,15,13,11,12,18,8,16,14,16,16,20,22,13,11,13,11,10,8,0,7,4,0,8,10,8,0,0,0,8,0,9,9,9,15,15,15,10,12,7,8,8,7,6,7,0,7,0,6,3,3,6,1,6,2,0,1,1,3,4,5,4,2,2,2,0,2,0,0,0,0
2022-04-02 14:00:00,0,0,0,0,2,0,0,1,1,3,0,0,2,3,10,9,11,11,5,18,18,16,15,14,13,12,13,10,12,13,13,16,17,17,20,19,17,19,18,17,12,13,15,14,13,10,7,3,2,10,13,15,16,13,14,11,11,17,19,18,19,18,21,23,24,0,11,12,11,9,9,10,12,10,10,5,10,8,3,0,3,4,0,2,1,1,0,0,1,2,0,1,0,0,0,0,0
2022-04-02 15:00:00,0,0,2,0,3,4,5,4,0,0,2,3,3,5,9,2,11,12,13,13,17,17,16,17,19,17,17,15,17,14,14,16,13,10,11,12,9,10,8,9,5,10,6,9,8,7,8,6,3,12,15,17,16,17,18,14,13,13,14,16,17,17,13,14,11,23,25,26,24,16,16,17,16,17,14,10,11,10,7,9,6,4,3,2,0,0,0,0,2,0,3,0,1,1,0,0,0
2022-04-02 16:00:00,2,0,3,1,4,0,0,5,4,5,1,4,4,5,12,11,12,15,15,25,31,32,31,32,24,19,15,10,12,17,16,14,13,11,14,11,11,12,14,8,8,11,6,10,9,0,7,5,2,18,17,20,15,16,16,14,10,13,20,14,14,14,12,15,13,12,11,10,12,9,10,9,8,10,11,12,10,9,4,6,3,0,1,2,3,2,2,0,3,2,1,1,0,0,0,0,0
2022-04-02 17:00:00,1,0,0,2,4,5,3,2,1,3,4,3,0,8,10,10,12,12,13,20,26,30,28,7,10,10,10,0,8,14,6,13,11,15,20,17,7,11,9,6,5,6,10,8,7,5,0,3,2,12,14,12,15,16,17,15,21,24,26,27,17,24,27,24,22,18,15,15,11,11,13,13,10,15,16,13,13,10,10,8,7,4,3,4,4,5,5,2,4,4,2,0,0,0,0,0,0
2022-04-02 18:00:00,0,0,0,1,0,2,4,3,1,2,0,0,2,4,15,16,21,0,18,19,21,21,27,27,25,24,19,9,14,10,7,8,6,11,10,8,9,10,14,12,10,9,10,7,9,5,3,1,2,11,16,17,19,19,16,16,18,17,20,17,12,15,16,16,15,10,7,14,12,10,11,12,9,10,8,7,3,0,2,1,0,1,0,0,0,0,0,0,0,2,1,0,0,0,0,0,0
2022-04-02 19:00:00,0,0,0,1,0,2,0,0,1,0,2,0,3,4,6,8,14,13,12,22,22,21,18,21,19,18,15,6,12,11,12,12,8,8,7,6,6,3,8,7,0,7,1,6,5,10,0,9,3,18,25,24,0,22,20,18,18,18,21,17,17,16,13,11,18,14,11,8,0,6,6,7,6,6,5,4,5,7,6,3,1,0,0,1,0,0,0,0,2,0,4,0,2,0,0,0,0
2022-04-02 20:00:00,0,0,1,2,2,4,7,5,0,4,0,2,3,5,0,4,4,0,3,13,0,12,8,12,0,11,10,4,9,6,4,3,0,8,10,9,6,5,3,4,4,7,9,7,4,3,0,1,2,11,19,18,0,0,17,16,16,14,15,7,14,15,19,15,23,15,9,7,6,5,5,3,4,3,4,5,9,6,4,4,1,1,0,0,0,1,0,0,3,2,2,1,0,6,0,0,0
2022-04-02 21:00:00,0,0,0,0,0,0,1,0,1,0,1,2,0,1,0,2,4,3,3,7,10,9,7,8,7,5,9,10,8,7,3,6,5,10,10,7,2,2,4,7,4,0,6,4,5,1,4,0,3,16,19,0,17,20,18,19,18,19,19,18,15,14,13,14,9,7,4,4,0,6,5,4,0,4,5,3,5,1,0,3,0,0,0,0,0,0,0,0,1,1,1,0,0,0,0,0,0
2022-04-02 22:00:00,0,0,0,0,1,0,0,2,2,2,0,0,1,0,0,2,3,2,4,9,0,0,0,10,0,2,9,8,4,4,4,0,0,10,11,9,5,4,1,3,0,0,0,0,0,0,0,1,1,6,13,0,12,0,10,9,12,13,17,7,11,10,10,8,15,10,6,6,0,5,7,0,2,5,4,6,7,6,0,11,4,2,1,0,0,1,2,1,2,0,0,0,0,0,0,0,0
2022-04-02 23:00:00,0,0,0,0,0,0,0,0,1,2,0,0,0,0,2,0,0,0,3,7,12,9,11,14,13,11,11,10,11,8,0,7,6,5,4,2,0,0,1,0,1,0,0,0,3,0,0,0,3,15,16,15,14,0,17,15,17,21,23,22,15,13,12,11,9,8,4,4,0,5,4,3,4,0,3,0,5,0,0,8,3,2,0,0,0,0,0,0,8,9,7,5,3,2,0,0,0
2022-04-03 00:00:00,0,0,0,0,0,0,0,0,0,0,0,0,0,0,0,0,0,0,0,0,0,0,0,0,0,0,0,0,0,0,0,0,0,0,0,0,0,0,0,0,0,0,0,0,0,0,0,0,0,0,0,0,0,0,0,0,0,0,0,0,0,0,0,0,0,0,0,0,0,0,0,0,0,0,0,0,0,0,0,0,0,0,0,0,0,0,0,0,0,0,0,0,0,0,0,0,0
2022-04-03 01:00:00,0,0,0,0,0,0,0,0,0,0,0,0,0,0,0,0,0,0,0,0,0,0,0,0,0,0,0,0,0,0,0,0,0,0,0,0,0,0,0,0,0,0,0,0,0,0,0,0,0,0,0,0,0,0,0,0,0,0,0,0,0,0,0,0,0,0,0,0,0,0,0,0,0,0,0,0,0,0,0,0,0,0,0,0,0,0,0,0,0,0,0,0,0,0,0,0,0
2022-04-03 02:00:00,0,0,0,0,0,0,0,0,0,0,0,0,0,0,0,0,0,0,0,0,0,0,0,0,0,0,0,0,0,0,0,0,0,0,0,0,0,0,0,0,0,0,0,0,0,0,0,0,0,0,0,0,0,0,0,0,0,0,0,0,0,0,0,0,0,0,0,0,0,0,0,0,0,0,0,0,0,0,0,0,0,0,0,0,0,0,0,0,0,0,0,0,0,0,0,0,0
2022-04-03 03:00:00,0,0,0,0,0,0,0,0,0,0,0,0,0,0,0,0,0,0,0,0,0,0,0,0,0,0,0,0,0,0,0,0,0,0,0,0,0,0,0,0,0,0,0,0,0,0,0,0,0,0,0,0,0,0,0,0,0,0,0,0,0,0,0,0,0,0,0,0,0,0,0,0,0,0,0,0,0,0,0,0,0,0,0,0,0,0,0,0,0,0,0,0,0,0,0,0,0
2022-04-03 04:00:00,0,0,0,0,2,1,0,1,0,0,0,0,0,0,0,1,0,0,0,2,3,0,0,0,2,0,4,3,0,0,0,0,2,0,0,0,0,0,0,0,0,0,0,0,0,0,0,0,0,0,0,0,0,0,0,0,0,0,0,0,0,0,0,0,0,0,0,0,0,0,0,0,0,0,0,0,0,0,0,0,0,0,0,0,0,0,0,0,0,0,0,0,0,0,0,0,0
2022-04-03 05:00:00,0,0,0,1,0,0,0,0,0,0,0,1,2,3,5,2,6,7,8,4,5,6,4,2,3,0,4,0,3,4,6,5,4,3,0,4,0,0,3,0,0,2,1,0,0,0,0,0,0,0,1,0,0,0,1,0,0,0,0,0,1,2,0,3,2,0,1,2,0,3,0,0,0,0,0,0,0,0,0,0,0,0,0,0,0,0,0,0,0,0,0,0,0,0,0,0,0
2022-04-03 06:00:00,0,0,0,0,0,0,0,0,0,0,0,0,0,2,1,0,0,1,1,0,0,0,0,0,0,0,1,1,0,6,0,7,5,2,0,1,2,2,1,0,0,1,0,0,1,0,0,0,0,0,0,1,3,0,2,1,2,0,3,2,2,1,0,1,0,1,2,1,3,3,0,2,3,2,3,2,0,2,0,0,0,0,0,0,0,0,0,0,0,0,0,0,0,0,0,0,0
2022-04-03 07:00:00,0,0,0,0,1,3,0,1,0,0,0,1,0,2,0,0,1,0,0,1,2,0,0,2,3,0,0,0,0,4,5,7,6,5,6,4,4,7,8,4,5,3,2,1,0,0,0,0,1,1,1,0,0,1,0,0,0,0,0,0,1,3,3,2,3,2,4,1,2,4,4,3,3,4,2,4,3,1,0,2,0,0,0,1,1,1,0,0,0,0,0,0,0,1,0,0,0
2022-04-03 08:00:00,0,0,0,2,3,2,3,1,2,1,2,0,2,4,6,5,0,3,4,5,4,5,4,6,0,6,7,7,6,6,7,8,7,6,6,5,1,8,8,7,6,3,4,3,4,2,2,0,0,2,6,4,0,3,0,4,5,0,2,3,3,5,6,5,2,4,3,0,3,2,0,0,2,3,0,2,3,3,0,2,3,2,1,0,0,0,0,0,0,0,0,1,2,0,0,0,0
2022-04-03 09:00:00,0,1,0,1,6,7,4,1,0,0,0,2,0,2,5,2,5,0,5,4,0,8,10,4,9,7,6,0,10,15,11,13,10,14,13,12,12,16,20,18,15,13,10,8,0,7,6,4,2,3,4,5,8,0,0,0,0,0,2,0,6,6,7,0,6,8,11,14,14,14,16,3,15,13,12,10,7,0,6,4,5,5,6,4,3,2,2,1,2,1,0,0,1,0,0,0,0
2022-04-03 10:00:00,0,0,0,0,3,4,0,2,1,1,0,0,3,5,6,5,3,4,2,3,5,4,5,5,3,4,3,1,3,6,8,3,7,8,8,10,6,7,9,6,7,7,5,0,0,0,9,3,2,4,0,2,5,11,0,7,5,0,5,4,5,8,10,13,8,9,7,0,10,4,9,8,6,5,6,5,4,2,0,1,0,0,0,0,3,1,0,1,0,0,0,0,1,0,0,0,0
2022-04-03 11:00:00,0,0,0,1,4,5,4,3,0,0,0,0,1,2,4,7,6,0,7,6,7,7,8,8,9,7,7,0,6,11,12,6,13,17,22,20,22,24,21,19,17,14,10,0,7,6,5,0,0,1,3,0,0,0,4,2,1,1,3,0,3,4,0,4,4,8,10,11,10,11,10,7,9,13,6,1,5,0,3,0,3,2,0,1,2,0,0,0,0,1,0,1,0,0,0,0,0
2022-04-03 12:00:00,0,0,0,0,2,3,4,2,1,3,4,3,0,2,7,11,13,0,12,7,8,13,13,16,17,14,10,0,7,15,16,20,17,20,19,24,15,18,18,17,7,13,11,12,12,10,7,6,2,6,0,1,4,0,5,4,5,0,8,5,6,9,11,9,11,9,10,12,8,9,0,9,8,9,12,10,6,5,0,0,2,5,3,0,3,1,0,1,3,0,0,0,1,0,0,0,0
2022-04-03 13:00:00,0,1,0,2,4,6,0,4,0,0,1,0,1,5,8,10,8,0,8,12,17,14,15,14,13,10,12,13,13,14,11,15,12,10,11,23,20,20,17,11,12,9,7,7,5,4,4,2,0,6,2,0,5,3,6,4,7,5,2,0,5,7,9,10,12,9,13,16,15,15,18,12,11,17,15,11,5,4,3,2,1,1,0,4,4,5,4,2,1,0,0,0,0,0,0,0,0
2022-04-03 14:00:00,0,0,0,1,2,3,5,0,2,3,0,2,4,4,7,5,11,10,13,18,16,6,13,5,14,12,10,6,7,9,7,0,11,12,13,12,10,9,11,9,8,6,6,5,6,0,4,3,3,7,8,7,8,7,7,6,10,11,14,11,11,12,14,9,17,16,10,11,12,10,11,9,11,10,11,9,5,4,0,4,4,2,0,1,0,2,0,0,1,0,3,3,0,0,2,0,0
2022-04-03 15:00:00,0,0,0,0,2,1,2,1,1,1,0,2,3,6,9,12,0,3,5,8,16,8,18,11,19,19,20,4,19,12,8,13,10,5,6,9,7,12,13,12,12,11,0,0,1,0,0,0,0,11,8,10,13,11,10,8,10,14,16,14,13,13,4,11,11,12,11,9,8,7,8,0,5,6,7,10,5,0,4,0,3,0,2,2,3,3,2,1,3,2,2,0,1,0,0,0,0
2022-04-03 16:00:00,0,0,1,0,3,0,0,2,0,2,0,3,0,2,3,7,14,13,7,22,23,25,27,26,21,15,14,12,10,10,10,9,9,9,7,10,8,7,3,2,6,8,6,7,0,5,4,2,3,17,18,10,0,19,17,16,20,20,19,9,13,14,7,4,11,12,10,0,8,9,11,9,8,9,10,6,8,6,7,8,7,3,2,0,0,0,0,0,4,0,4,3,2,0,0,0,0
2022-04-03 17:00:00,0,0,2,1,0,3,5,0,0,0,0,0,1,3,4,6,0,7,6,9,10,10,7,0,3,8,9,9,9,11,12,11,8,12,13,11,12,11,13,10,7,6,4,6,0,5,2,2,1,20,29,30,12,8,11,9,12,11,11,8,8,0,17,15,20,18,10,12,8,10,9,11,10,12,13,11,11,7,0,7,8,5,5,1,0,3,4,0,3,1,0,0,0,0,0,0,0
2022-04-03 18:00:00,0,0,1,0,2,3,0,4,1,4,0,5,0,4,2,2,4,0,0,6,5,4,11,0,10,0,13,12,8,7,1,2,0,10,11,10,6,5,0,9,8,2,10,11,9,8,2,3,3,37,45,47,45,25,44,43,44,45,42,41,32,30,29,27,29,21,15,11,12,12,2,13,12,10,10,8,5,7,0,5,2,0,1,1,6,0,5,0,1,1,1,0,0,0,0,0,0
2022-04-03 19:00:00,0,1,0,0,3,0,1,1,1,0,0,1,0,4,4,5,0,4,3,12,6,7,10,12,11,11,10,0,11,10,0,4,7,8,8,6,5,9,4,8,0,9,11,11,12,0,2,8,5,12,14,14,0,13,16,13,19,18,19,16,13,9,10,4,11,6,9,6,5,3,0,4,2,1,0,0,6,0,5,2,0,0,0,2,0,3,0,0,0,0,1,0,0,0,0,0,0
2022-04-03 20:00:00,0,0,0,0,1,3,4,3,0,2,0,1,2,1,3,1,2,0,2,4,0,0,0,5,6,3,8,0,6,8,9,9,0,7,8,7,7,2,4,2,5,4,0,0,3,2,1,0,1,17,11,11,12,0,0,11,11,13,14,12,12,13,14,13,13,12,6,6,0,5,6,0,3,8,6,1,11,10,6,6,3,3,2,4,3,0,0,2,3,3,1,0,0,0,0,0,0
2022-04-03 21:00:00,0,0,0,0,0,0,0,1,0,4,1,0,0,3,0,2,6,7,8,16,18,0,7,8,2,14,9,0,8,6,6,3,0,4,3,2,0,3,5,4,3,0,4,0,0,2,1,0,0,7,18,6,19,9,19,17,5,20,18,16,12,11,10,7,9,5,7,8,0,7,5,6,8,9,2,0,6,5,0,5,4,3,1,2,0,0,1,1,6,4,0,2,0,0,0,0,0
2022-04-03 22:00:00,0,0,1,0,1,0,0,1,0,1,0,0,0,0,0,2,2,5,4,14,19,9,0,19,0,15,11,9,9,9,0,0,8,8,8,6,4,2,2,0,0,0,0,0,0,0,0,0,1,10,15,12,19,20,20,19,17,18,22,20,17,14,10,13,23,14,7,5,4,0,4,0,3,1,6,7,6,6,0,4,2,1,0,0,0,0,0,0,4,0,1,2,0,0,0,0,0
2022-04-03 23:00:00,0,0,0,0,0,0,0,2,1,0,0,0,0,0,1,0,0,0,0,2,3,0,0,5,3,2,1,0,4,2,2,0,1,4,6,4,3,2,1,0,0,0,0,0,0,2,0,0,3,4,8,8,0,0,9,7,11,10,6,5,9,6,5,2,6,4,4,5,0,3,4,4,3,2,2,0,4,0,0,3,0,0,0,0,0,0,0,0,4,0,0,2,0,0,0,0,0
2022-04-04 00:00:00,0,0,0,0,0,0,0,0,0,0,0,0,0,0,0,0,0,0,0,0,0,0,0,0,0,0,0,0,0,0,0,0,0,0,0,0,0,0,0,0,0,0,0,0,0,0,0,0,0,0,0,0,0,0,0,0,0,0,0,0,0,0,0,0,0,0,0,0,0,0,0,0,0,0,0,0,0,0,0,0,0,0,0,0,0,0,0,0,0,0,0,0,0,0,0,0,0
2022-04-04 01:00:00,0,0,0,0,0,0,0,0,0,0,0,0,0,0,0,0,0,0,0,0,0,0,0,0,0,0,0,0,0,0,0,0,0,0,0,0,0,0,0,0,0,0,0,0,0,0,0,0,0,0,0,0,0,0,0,0,0,0,0,0,0,0,0,0,0,0,0,0,0,0,0,0,0,0,0,0,0,0,0,0,0,0,0,0,0,0,0,0,0,0,0,0,0,0,0,0,0
2022-04-04 02:00:00,0,0,0,0,0,0,0,0,0,0,0,0,0,0,0,0,0,0,0,0,0,0,0,0,0,0,0,0,0,0,0,0,0,0,0,0,0,0,0,0,0,0,0,0,0,0,0,0,0,0,0,0,0,0,0,0,0,0,0,0,0,0,0,0,0,0,0,0,0,0,0,0,0,0,0,0,0,0,0,0,0,0,0,0,0,0,0,0,0,0,0,0,0,0,0,0,0
2022-04-04 03:00:00,0,0,0,0,0,0,0,0,0,0,0,0,0,0,0,0,0,0,0,0,0,0,0,0,0,0,0,0,0,0,0,0,0,0,0,0,0,0,0,0,0,0,0,0,0,0,0,0,0,0,0,0,0,0,0,0,0,0,0,0,0,0,0,0,0,0,0,0,0,0,0,0,0,0,0,0,0,0,0,0,0,0,0,0,0,0,0,0,0,0,0,0,0,0,0,0,0
2022-04-04 04:00:00,0,0,0,1,3,2,2,1,0,0,0,0,0,2,4,5,0,2,5,6,8,9,0,10,8,5,4,0,4,5,7,6,5,0,0,0,0,0,0,0,0,0,0,0,0,0,0,0,0,0,0,0,0,0,0,0,0,0,0,0,0,0,0,0,0,0,0,0,0,0,0,0,0,0,0,0,0,0,0,0,0,0,0,0,0,0,0,0,0,0,0,0,0,0,0,0,0
2022-04-04 05:00:00,0,0,0,2,2,3,1,2,0,0,0,1,0,1,5,0,3,0,3,1,2,5,0,6,4,4,4,0,5,4,5,8,7,5,7,6,5,9,9,8,8,5,6,8,3,6,4,1,0,0,0,0,0,0,1,0,0,0,0,1,1,0,2,0,1,2,4,0,0,5,5,0,0,0,0,0,0,0,0,0,0,0,0,0,0,0,0,0,0,0,0,0,0,0,0,0,0
2022-04-04 06:00:00,0,0,1,4,5,5,4,3,2,1,0,0,0,1,2,1,0,0,0,3,3,3,2,3,0,0,5,4,1,15,21,23,20,8,2,7,7,11,12,10,9,8,9,7,4,5,4,0,0,1,0,2,0,1,0,2,3,0,2,1,7,8,6,7,6,6,10,13,7,6,0,0,5,5,7,6,5,4,1,3,0,0,1,2,2,1,1,0,1,0,0,0,1,0,0,0,0
2022-04-04 07:00:00,0,1,0,2,5,7,7,4,5,7,6,4,3,5,14,14,15,18,16,14,12,9,5,6,6,6,5,7,9,19,22,40,34,13,15,18,12,38,17,12,12,12,0,13,6,10,6,4,0,7,3,2,2,3,5,4,3,6,2,2,12,27,35,34,10,13,20,31,39,41,43,42,34,28,22,22,21,19,18,21,25,16,9,10,4,6,5,3,3,2,0,1,1,2,0,0,0
2022-04-04 08:00:00,0,1,0,6,11,14,18,15,16,12,9,4,6,9,9,10,11,10,9,10,10,10,10,11,10,9,11,13,10,16,20,23,31,18,17,16,20,25,30,22,21,19,22,21,19,17,15,6,1,24,22,14,9,6,5,8,8,6,5,6,13,21,29,26,13,13,24,26,29,26,28,27,25,26,22,21,22,16,15,10,10,8,6,5,9,7,7,4,5,4,4,1,5,3,1,0,0
2022-04-04 09:00:00,0,0,2,5,10,11,12,7,5,4,2,3,2,8,7,5,4,3,5,3,3,2,4,5,5,5,9,0,7,9,10,17,15,11,12,13,16,19,18,15,9,13,13,9,3,10,5,2,1,6,5,5,4,3,3,4,2,2,1,3,9,11,20,19,8,9,16,9,19,17,16,15,14,12,11,10,11,7,6,4,3,3,2,2,3,0,4,2,0,0,0,0,1,0,0,0,0
2022-04-04 10:00:00,0,0,0,1,0,3,0,2,2,2,2,3,2,4,9,10,13,5,4,4,5,6,5,7,0,5,5,2,4,9,11,12,10,7,6,3,6,10,11,8,7,5,5,4,4,5,2,1,0,2,2,3,4,3,2,2,1,3,3,8,7,5,6,8,7,6,10,10,8,7,6,7,8,9,9,9,8,7,2,4,2,0,1,2,3,1,0,0,4,2,1,0,0,0,0,0,0
2022-04-04 11:00:00,0,0,0,1,2,0,1,1,1,2,3,1,2,2,5,6,10,0,11,13,14,6,13,13,11,14,13,12,10,11,12,12,11,13,11,13,11,19,21,20,17,16,13,2,12,10,2,3,2,4,5,7,0,6,7,6,7,10,11,10,12,11,12,11,8,6,9,10,11,12,7,8,7,3,2,2,5,0,4,3,2,0,3,2,0,3,3,1,3,2,1,0,0,0,0,0,0
2022-04-04 12:00:00,0,1,0,1,2,3,0,2,3,1,1,3,13,18,19,10,11,10,9,7,4,6,5,7,8,6,6,7,7,11,16,18,16,16,13,12,12,11,8,7,6,5,3,3,4,3,0,2,0,2,2,1,4,3,3,2,2,2,2,0,8,5,8,7,6,7,12,13,13,13,15,15,12,12,10,8,10,9,7,4,2,1,8,7,7,0,5,3,6,5,4,0,2,1,0,0,0
2022-04-04 13:00:00,0,1,0,2,4,6,3,3,3,4,3,2,3,7,11,10,21,20,17,17,18,16,17,18,15,12,12,13,14,12,12,11,0,11,15,10,16,16,15,11,10,9,8,9,0,7,5,3,1,4,7,6,8,0,5,4,4,5,5,4,6,10,11,5,8,7,9,12,9,12,13,12,8,8,7,6,10,9,0,6,3,2,1,1,0,7,4,1,4,5,4,2,0,0,1,0,0
2022-04-04 14:00:00,0,0,0,1,2,3,1,1,1,2,3,1,2,4,5,8,16,17,15,16,16,15,14,16,16,10,11,10,7,7,8,10,9,12,11,9,9,11,10,8,7,9,7,9,3,9,8,5,1,8,13,14,16,0,16,14,13,9,14,13,14,17,19,17,13,12,13,15,13,7,9,9,10,0,7,8,6,7,5,6,3,2,0,3,1,3,3,2,4,3,0,2,2,0,1,0,0
2022-04-04 15:00:00,0,0,0,3,6,7,4,6,5,4,3,0,4,5,9,8,12,8,10,18,18,19,20,22,24,14,24,25,24,21,20,15,14,18,17,19,17,19,16,13,9,7,6,5,0,2,0,2,2,6,10,12,15,16,16,12,3,13,15,14,11,10,9,11,8,10,13,7,8,13,10,9,8,11,17,16,18,3,7,7,3,3,4,0,6,3,2,3,5,3,4,2,2,0,1,0,0
2022-04-04 16:00:00,1,0,3,1,3,4,4,5,4,4,0,0,6,9,14,13,19,20,19,24,22,28,29,31,32,26,26,25,24,22,21,18,13,13,10,10,7,7,10,10,6,5,6,0,6,2,1,2,1,9,11,12,13,14,14,15,19,21,24,23,18,19,19,15,18,17,7,9,10,10,13,11,11,12,14,13,9,6,19,17,11,10,14,12,9,4,1,2,2,3,3,2,1,0,0,0,0
2022-04-04 17:00:00,1,0,1,5,5,4,6,4,4,5,3,1,3,4,5,5,8,9,12,8,14,14,16,16,16,11,12,11,7,8,0,7,6,7,7,4,5,7,7,4,4,4,4,3,2,3,0,0,2,6,7,5,8,9,11,9,9,10,14,12,12,12,13,12,14,20,12,13,16,16,17,17,10,11,10,8,5,8,6,5,5,4,7,10,8,6,4,3,5,4,3,1,0,0,0,0,0
2022-04-04 18:00:00,0,1,2,2,4,5,5,6,6,6,5,8,7,7,10,15,26,28,30,29,31,32,29,30,28,28,35,31,26,20,19,20,19,31,31,25,17,10,9,11,10,10,6,5,7,4,6,4,4,16,18,22,22,22,23,24,21,20,24,20,18,16,10,13,22,17,13,11,8,16,18,17,19,21,19,17,15,12,11,7,2,2,1,4,6,6,6,5,5,4,6,2,4,2,1,0,0
2022-04-04 19:00:00,0,0,0,2,3,4,3,3,2,1,1,3,0,3,4,6,20,20,18,20,19,20,21,20,18,17,20,15,18,11,9,9,8,24,30,23,12,7,10,8,6,4,9,5,0,4,3,4,4,14,15,17,20,17,15,23,24,29,40,35,18,13,15,13,32,22,6,4,5,6,9,10,9,8,8,9,17,18,4,14,5,3,3,3,3,5,4,3,6,5,6,5,1,1,0,0,0
2022-04-04 20:00:00,0,0,0,0,0,0,0,0,0,5,1,0,3,4,5,6,6,7,7,14,0,10,11,10,0,10,11,12,9,10,7,9,5,13,9,6,7,6,4,3,3,4,4,2,0,1,0,1,1,12,14,19,19,18,18,15,18,20,19,15,8,8,12,11,21,17,6,4,0,4,0,3,6,4,5,8,8,7,4,3,2,1,2,0,2,2,0,4,3,3,2,1,0,0,0,0,0
2022-04-04 21:00:00,0,0,1,0,1,1,0,0,1,2,2,1,0,3,2,2,7,9,2,11,17,18,15,17,17,13,11,10,8,6,5,4,4,7,8,8,3,4,0,2,0,3,2,0,0,1,1,0,0,5,6,4,5,7,8,6,14,14,12,13,12,12,11,10,12,11,7,7,6,4,4,4,3,6,5,6,10,10,7,7,2,0,3,1,0,1,5,0,4,3,2,2,1,0,0,0,0
2022-04-04 22:00:00,0,0,0,1,2,0,1,2,0,2,4,0,0,2,0,2,1,3,2,7,11,15,15,18,17,13,12,9,6,5,5,0,0,11,9,8,6,3,1,2,0,1,1,0,1,0,2,1,2,9,11,11,12,11,10,11,13,14,24,22,14,14,13,14,13,10,7,7,8,2,3,0,9,3,10,5,9,8,4,5,4,2,1,1,0,0,2,1,3,5,4,1,0,0,0,0,0
2022-04-04 23:00:00,0,0,0,0,0,0,0,0,0,6,7,0,0,5,3,0,3,0,3,5,2,7,0,4,3,8,6,4,1,5,0,4,1,5,2,2,1,2,0,1,0,2,2,1,3,2,0,0,3,4,6,7,6,8,9,10,16,18,24,21,15,10,8,4,14,9,6,4,6,7,5,0,4,4,2,4,2,1,0,3,2,0,0,0,0,0,0,0,2,0,1,0,0,0,0,0,0
2022-04-05 00:00:00,0,0,0,0,0,0,0,0,0,0,0,0,0,0,0,0,0,0,0,0,0,0,0,0,0,0,0,0,0,0,0,0,0,0,0,0,0,0,0,0,0,0,0,0,0,0,0,0,0,0,0,0,0,0,0,0,0,0,0,0,0,0,0,0,0,0,0,0,0,0,0,0,0,0,0,0,0,0,0,0,0,0,0,0,0,0,0,0,0,0,0,0,0,0,0,0,0
2022-04-05 01:00:00,0,0,0,0,0,0,0,0,0,0,0,0,0,0,0,0,0,0,0,0,0,0,0,0,0,0,0,0,0,0,0,0,0,0,0,0,0,0,0,0,0,0,0,0,0,0,0,0,0,0,0,0,0,0,0,0,0,0,0,0,0,0,0,0,0,0,0,0,0,0,0,0,0,0,0,0,0,0,0,0,0,0,0,0,0,0,0,0,0,0,0,0,0,0,0,0,0
2022-04-05 02:00:00,0,0,0,0,0,0,0,0,0,0,0,0,0,0,0,0,0,0,0,0,0,0,0,0,0,0,0,0,0,0,0,0,0,0,0,0,0,0,0,0,0,0,0,0,0,0,0,0,0,0,0,0,0,0,0,0,0,0,0,0,0,0,0,0,0,0,0,0,0,0,0,0,0,0,0,0,0,0,0,0,0,0,0,0,0,0,0,0,0,0,0,0,0,0,0,0,0
2022-04-05 03:00:00,0,0,0,0,0,0,0,0,0,0,0,0,0,0,0,0,0,0,0,0,0,0,0,0,0,0,0,0,0,0,0,0,0,0,0,0,0,0,0,0,0,0,0,0,0,0,0,0,0,0,0,0,0,0,0,0,0,0,0,0,0,0,0,0,0,0,0,0,0,0,0,0,0,0,0,0,0,0,0,0,0,0,0,0,0,0,0,0,0,0,0,0,0,0,0,0,0
2022-04-05 04:00:00,0,0,0,1,2,1,1,0,0,0,0,0,0,2,3,4,0,2,5,0,0,7,10,0,9,9,7,9,0,0,0,7,0,0,0,0,0,0,0,0,0,0,0,0,0,0,0,0,0,0,0,0,0,0,0,0,0,0,0,0,0,0,0,0,0,0,0,0,0,0,0,0,0,0,0,0,0,0,0,0,0,0,0,0,0,0,0,0,0,0,0,0,0,0,0,0,0
2022-04-05 05:00:00,0,0,0,1,3,2,0,0,1,0,0,0,1,5,6,4,7,2,7,6,7,4,8,8,6,6,5,0,5,4,8,6,7,4,6,4,7,12,8,4,11,10,4,9,8,4,3,1,2,1,2,0,0,1,2,0,0,0,0,3,4,3,5,0,4,5,7,8,0,7,6,0,0,0,0,0,0,0,0,0,0,0,0,0,0,0,0,0,0,0,0,0,0,0,0,0,0
2022-04-05 06:00:00,0,0,1,2,3,5,2,3,4,0,0,0,1,4,5,6,0,7,6,5,5,4,3,4,0,2,4,5,3,8,15,17,13,6,5,4,4,8,8,6,4,3,2,3,2,1,0,0,0,3,0,1,2,2,1,3,3,4,5,2,7,11,15,14,9,8,8,11,11,9,9,6,8,5,4,5,6,3,1,1,0,0,1,2,2,1,0,1,0,0,0,0,0,0,0,0,0
2022-04-05 07:00:00,0,0,0,2,6,8,10,8,7,5,5,5,4,7,12,9,10,12,15,10,16,10,10,7,0,7,6,5,4,18,20,24,20,11,14,17,19,27,29,19,14,0,4,9,8,7,5,3,0,4,3,1,3,2,1,2,2,0,4,5,16,20,24,21,14,16,27,34,33,32,36,33,26,26,22,28,21,18,27,26,25,19,6,5,5,7,6,5,3,1,0,3,4,3,1,0,0
2022-04-05 08:00:00,0,0,0,5,11,15,15,10,10,6,6,3,4,8,12,13,21,21,18,8,11,4,3,13,13,13,10,14,13,30,40,54,51,17,19,18,24,37,41,22,20,19,17,15,12,10,8,3,2,11,12,8,7,7,6,5,5,6,6,4,7,36,50,47,14,15,32,36,41,28,26,27,28,27,22,21,20,17,16,15,13,10,7,3,3,2,3,1,7,0,3,4,3,1,1,0,0
2022-04-05 09:00:00,1,2,1,2,6,8,8,4,2,3,0,3,0,7,9,6,8,7,7,4,4,6,2,7,6,5,6,5,7,11,14,24,23,14,18,18,21,26,21,20,17,13,12,11,10,9,7,5,2,8,8,5,5,4,3,4,4,4,7,2,6,12,15,14,8,11,17,19,18,13,12,11,10,17,12,14,11,7,7,6,4,5,1,4,4,2,2,1,5,0,2,1,3,0,0,0,0
2022-04-05 10:00:00,0,0,1,3,4,3,1,2,1,0,0,0,1,4,5,6,5,7,8,7,0,10,8,7,8,6,8,6,6,5,9,12,12,13,13,6,16,15,19,19,8,17,11,7,12,7,6,3,0,2,4,3,4,0,1,3,1,2,4,3,8,11,12,11,8,8,12,11,10,9,7,11,11,8,8,7,6,4,2,3,2,1,1,3,2,3,2,1,1,1,0,1,0,1,0,0,0
2022-04-05 11:00:00,0,0,0,0,1,1,0,0,1,1,2,0,0,1,4,6,9,0,5,10,12,13,10,8,11,12,12,6,9,10,13,5,11,9,6,4,5,4,5,4,3,5,6,5,5,4,2,1,1,6,7,6,6,0,5,5,7,7,9,1,11,10,7,10,10,10,9,9,11,7,6,7,7,7,7,7,5,7,5,3,2,3,2,4,3,1,4,2,2,1,0,0,1,0,0,0,0
2022-04-05 12:00:00,0,0,0,1,0,0,1,1,0,1,3,2,0,4,8,7,10,10,6,7,8,8,8,7,7,7,8,6,9,10,8,11,9,13,16,13,12,18,18,18,18,15,14,13,10,11,6,3,0,5,8,3,0,8,9,8,9,10,12,10,14,12,13,10,11,9,10,11,11,10,8,9,10,8,10,6,4,0,2,4,3,2,1,1,3,2,4,4,1,0,0,3,2,0,0,0,0
2022-04-05 13:00:00,0,0,0,2,4,4,3,4,1,0,0,1,0,2,7,8,3,11,9,13,12,14,14,15,14,16,13,0,10,7,8,0,7,6,7,6,9,9,9,6,4,3,6,5,4,0,2,0,0,7,5,0,8,6,7,7,7,9,12,13,9,13,9,10,9,11,12,14,17,20,20,21,21,18,14,13,11,9,8,4,3,0,3,4,0,3,5,4,6,0,5,2,0,0,1,0,0
2022-04-05 14:00:00,0,0,0,5,3,5,6,3,1,0,3,2,11,12,13,11,13,12,19,18,17,15,15,15,16,8,14,15,16,14,14,15,12,12,12,14,10,13,11,6,3,4,4,3,0,3,2,0,0,8,10,9,10,13,13,15,13,17,20,20,18,22,21,20,14,10,11,11,11,14,13,0,11,12,11,10,9,7,7,3,3,1,2,6,5,4,2,0,2,1,4,0,3,1,0,0,0
2022-04-05 15:00:00,0,0,0,1,2,3,5,4,1,2,0,3,2,5,6,16,12,13,12,16,16,28,25,25,21,14,20,18,11,12,15,16,15,16,11,9,7,5,10,7,6,5,3,6,5,4,2,0,0,3,4,10,11,12,12,12,13,14,19,16,18,19,25,26,17,15,9,8,7,7,7,3,6,6,7,8,6,5,0,3,4,3,4,3,3,4,3,2,3,1,0,0,0,0,0,0,0
2022-04-05 16:00:00,0,1,0,2,2,0,2,2,0,2,1,2,10,14,17,16,18,16,19,22,24,26,26,29,25,24,29,27,28,27,24,24,22,26,23,21,20,17,18,15,14,8,7,7,6,7,6,3,3,6,10,7,12,6,12,14,18,16,21,21,10,12,13,13,14,11,5,4,6,7,11,12,10,10,9,0,12,0,12,11,6,8,10,9,8,6,7,8,3,10,6,5,1,3,0,0,0
2022-04-05 17:00:00,1,1,3,6,6,4,5,4,5,6,3,0,8,10,11,13,17,20,19,17,17,22,24,24,25,23,21,22,21,17,18,19,20,15,17,14,11,17,19,11,10,8,10,4,8,7,6,3,2,8,12,14,17,19,20,19,15,14,24,23,22,25,26,26,43,32,18,15,12,8,11,12,12,9,8,6,10,7,8,6,3,4,5,6,4,6,6,4,5,0,4,1,0,0,0,0,0
2022-04-05 18:00:00,0,1,5,6,10,11,12,12,10,7,9,10,19,26,33,36,41,27,38,35,42,43,43,44,39,36,36,23,33,26,24,23,23,30,30,26,20,18,16,13,10,17,21,18,17,8,10,7,7,26,30,32,36,36,34,31,32,31,35,32,25,27,19,27,24,17,12,11,0,9,13,15,13,19,17,17,20,16,15,19,10,3,2,5,7,8,8,5,6,6,6,3,2,2,0,0,0
2022-04-05 19:00:00,0,1,0,2,0,0,5,5,4,5,6,5,5,4,4,7,9,5,10,18,16,19,20,22,19,29,23,22,21,18,13,10,9,29,32,24,16,14,13,8,5,4,4,3,0,2,3,2,0,10,13,0,9,12,14,11,19,9,22,19,13,11,10,9,25,22,16,13,13,15,15,16,14,12,10,9,8,7,7,6,6,3,5,3,2,3,0,3,6,0,4,3,2,0,0,0,0
2022-04-05 20:00:00,0,0,0,0,1,1,1,3,0,1,4,3,3,0,4,5,3,7,10,15,15,19,21,25,9,25,25,21,13,10,9,9,7,9,9,8,6,4,3,1,3,1,2,0,1,2,1,2,0,12,15,12,16,16,15,16,17,17,24,22,15,10,14,11,14,10,10,9,10,10,8,7,9,7,4,8,6,8,7,12,6,2,2,4,0,1,2,3,3,2,5,2,2,0,1,0,0
2022-04-05 21:00:00,0,0,0,1,0,2,1,1,2,3,2,1,3,4,8,4,4,5,7,10,10,3,13,15,12,11,14,13,10,11,8,8,1,12,9,7,4,2,2,1,0,0,2,1,0,0,0,0,0,3,9,10,10,8,7,9,12,15,22,19,10,12,13,8,13,10,9,9,4,10,10,9,6,7,10,12,12,3,11,11,5,4,2,0,1,0,4,2,0,5,2,3,2,0,1,0,0
2022-04-05 22:00:00,0,0,0,0,0,1,0,2,0,3,4,0,2,3,2,4,6,0,0,9,11,15,16,19,22,20,18,17,13,10,8,7,9,12,12,9,5,4,2,0,0,4,3,2,3,1,1,0,2,10,11,12,13,10,15,18,21,26,34,30,21,19,18,18,29,21,13,9,1,9,8,6,5,11,22,23,24,5,23,22,6,5,4,2,1,2,0,1,6,6,5,3,1,0,0,0,0
2022-04-05 23:00:00,0,0,0,0,0,0,0,0,0,3,0,4,0,0,2,0,4,0,1,7,0,9,10,12,4,11,12,12,13,11,10,8,0,9,10,9,5,6,4,0,1,7,6,4,3,3,2,0,3,8,7,7,8,0,8,0,7,10,11,9,8,6,6,0,12,12,8,5,6,5,3,4,5,5,4,3,6,5,0,4,4,1,3,0,1,0,0,2,2,1,0,0,0,0,0,0,0
2022-04-06 00:00:00,0,0,0,0,0,0,0,0,0,0,0,0,0,0,0,0,0,0,0,0,0,0,0,0,0,0,0,0,0,0,0,0,0,0,0,0,0,0,0,0,0,0,0,0,0,0,0,0,0,0,0,0,0,0,0,0,0,0,0,0,0,0,0,0,0,0,0,0,0,0,0,0,0,0,0,0,0,0,0,0,0,0,0,0,0,0,0,0,0,0,0,0,0,0,0,0,0
2022-04-06 01:00:00,0,0,0,0,0,0,0,0,0,0,0,0,0,0,0,0,0,0,0,0,0,0,0,0,0,0,0,0,0,0,0,0,0,0,0,0,0,0,0,0,0,0,0,0,0,0,0,0,0,0,0,0,0,0,0,0,0,0,0,0,0,0,0,0,0,0,0,0,0,0,0,0,0,0,0,0,0,0,0,0,0,0,0,0,0,0,0,0,0,0,0,0,0,0,0,0,0
2022-04-06 02:00:00,0,0,0,0,0,0,0,0,0,0,0,0,0,0,0,0,0,0,0,0,0,0,0,0,0,0,0,0,0,0,0,0,0,0,0,0,0,0,0,0,0,0,0,0,0,0,0,0,0,0,0,0,0,0,0,0,0,0,0,0,0,0,0,0,0,0,0,0,0,0,0,0,0,0,0,0,0,0,0,0,0,0,0,0,0,0,0,0,0,0,0,0,0,0,0,0,0
2022-04-06 03:00:00,0,0,0,0,0,0,0,0,0,0,0,0,0,0,0,0,0,0,0,0,0,0,0,0,0,0,0,0,0,0,0,0,0,0,0,0,0,0,0,0,0,0,0,0,0,0,0,0,0,0,0,0,0,0,0,0,0,0,0,0,0,0,0,0,0,0,0,0,0,0,0,0,0,0,0,0,0,0,0,0,0,0,0,0,0,0,0,0,0,0,0,0,0,0,0,0,0
2022-04-06 04:00:00,0,0,0,1,1,1,0,2,0,0,2,0,1,3,5,5,0,2,5,7,8,9,13,0,12,10,8,9,0,0,0,7,0,8,0,0,0,0,0,0,0,0,0,0,0,0,0,0,0,0,0,0,0,0,0,0,0,0,0,0,0,0,0,0,0,0,0,0,0,0,0,0,0,0,0,0,0,0,0,0,0,0,0,0,0,0,0,0,0,0,0,0,0,0,0,0,0
2022-04-06 05:00:00,0,0,0,1,2,3,2,0,1,0,1,2,1,3,1,2,3,4,3,4,5,6,0,7,6,5,1,1,4,10,9,12,9,4,7,5,6,12,10,9,8,6,2,5,2,5,5,1,0,2,3,2,1,2,0,1,0,0,1,0,3,5,7,5,5,4,3,5,4,7,0,0,0,0,0,0,0,0,0,0,0,0,0,0,0,0,0,0,0,0,0,0,0,0,0,0,0
2022-04-06 06:00:00,0,0,0,2,4,0,0,1,1,0,0,0,0,2,4,3,0,1,2,1,0,0,2,4,5,0,2,2,4,10,12,15,10,5,5,4,6,10,10,6,6,5,5,4,4,4,3,1,0,3,5,2,7,0,8,7,5,1,6,3,6,9,8,11,8,9,12,14,9,4,10,6,0,7,4,12,13,6,4,3,0,0,0,1,0,1,1,0,1,0,0,0,1,0,0,0,0
2022-04-06 07:00:00,0,0,0,4,8,12,10,8,10,9,5,6,5,12,21,17,21,19,24,25,25,8,9,12,11,10,7,7,8,15,29,48,44,14,12,13,19,30,35,18,19,19,22,16,17,19,15,13,0,6,4,4,2,3,4,2,1,2,1,2,10,22,31,23,13,14,27,34,35,40,41,38,31,29,17,16,18,16,15,15,16,15,5,3,4,5,4,3,2,0,4,0,4,3,1,0,0
2022-04-06 08:00:00,0,0,0,4,8,9,9,6,9,5,8,3,2,7,13,10,19,21,20,13,14,18,18,22,22,22,17,18,21,22,25,29,37,21,20,21,27,32,36,31,29,30,31,28,24,18,14,5,2,11,14,14,10,7,6,6,5,5,7,9,9,14,18,17,14,18,30,40,37,36,36,38,40,38,39,37,37,30,21,15,9,9,7,3,5,3,0,4,4,3,2,1,2,1,0,0,0
2022-04-06 09:00:00,0,0,1,3,6,9,10,9,3,3,2,1,2,6,10,13,12,11,12,6,5,3,1,5,4,5,6,3,7,14,18,24,22,15,16,17,20,23,24,21,21,19,24,20,16,12,5,2,2,7,8,7,0,4,6,5,2,2,5,5,7,11,11,11,8,10,20,21,22,19,19,20,18,19,18,15,11,7,6,7,4,3,1,7,0,2,5,1,0,0,1,1,2,0,1,0,0
2022-04-06 10:00:00,0,0,2,3,3,4,1,3,2,0,1,2,4,5,4,5,3,4,2,6,0,4,7,8,8,1,5,0,7,8,10,11,10,7,5,4,5,8,8,7,6,7,6,5,3,2,1,1,0,6,7,8,6,2,4,3,3,1,1,2,6,10,11,8,10,8,11,12,14,12,13,11,14,13,9,10,9,9,8,3,4,1,2,1,1,2,0,0,2,0,0,2,0,0,1,0,0
2022-04-06 11:00:00,1,1,2,4,5,6,2,1,0,1,0,2,2,5,9,7,11,12,10,10,11,14,12,13,13,11,9,5,8,5,8,10,7,11,11,10,10,11,16,14,13,10,7,0,5,3,3,1,0,2,1,0,0,3,0,4,2,5,7,4,11,14,13,13,11,10,10,11,10,14,14,12,13,12,14,10,9,7,7,4,0,0,0,0,2,0,0,0,0,0,0,0,0,0,1,0,0
2022-04-06 12:00:00,0,0,0,2,4,6,6,9,6,4,6,5,0,6,5,10,12,0,11,11,15,16,13,14,13,10,13,7,4,17,15,14,0,11,11,4,9,5,5,0,3,1,2,0,0,5,4,0,0,3,8,9,8,6,2,8,10,6,5,6,10,13,7,6,12,9,12,8,9,10,7,6,8,9,7,6,6,6,5,4,5,4,2,0,0,1,0,1,2,2,2,0,1,1,0,0,0
2022-04-06 13:00:00,0,0,2,3,4,2,5,3,1,3,4,2,8,9,10,9,7,0,8,14,13,16,18,17,18,18,19,9,19,21,22,23,22,14,12,4,9,8,11,7,4,4,3,3,5,5,3,2,3,11,8,12,11,12,14,14,13,3,13,10,15,16,10,18,19,16,15,14,0,11,14,12,13,13,12,11,9,8,7,6,4,3,4,4,2,3,2,0,3,2,1,1,1,2,1,0,0
2022-04-06 14:00:00,0,0,0,0,1,3,4,4,2,0,10,0,12,20,22,8,7,8,8,12,12,13,13,17,16,17,18,15,14,14,0,15,14,13,5,11,11,11,10,9,8,5,4,5,4,0,3,3,1,7,10,9,10,6,12,12,17,19,19,17,20,20,22,19,15,15,13,16,18,17,9,9,16,15,12,12,7,3,6,4,4,4,4,3,3,3,4,2,0,3,5,3,0,0,1,0,0
2022-04-06 15:00:00,1,1,3,8,9,10,8,5,3,6,8,7,19,25,32,29,30,0,33,28,27,27,26,28,29,25,22,21,20,17,13,15,13,16,17,15,13,12,13,13,9,6,8,6,3,0,4,2,1,1,4,4,3,5,6,8,7,9,10,8,7,6,8,8,10,7,12,14,16,16,17,16,13,11,13,14,14,9,0,9,9,8,11,0,11,9,7,6,6,2,5,4,3,1,0,0,0
2022-04-06 16:00:00,0,7,0,0,1,1,2,2,1,3,4,3,6,3,9,10,11,13,18,22,27,28,30,32,29,26,22,21,18,17,13,16,15,13,13,10,5,7,7,8,8,8,7,6,7,8,0,6,0,10,15,16,16,17,20,22,27,29,34,31,33,31,30,29,30,25,14,14,16,15,15,14,12,14,11,10,8,11,0,10,6,5,7,8,9,8,3,4,5,4,2,2,1,0,0,0,0
2022-04-06 17:00:00,1,0,0,8,10,0,11,7,3,4,4,3,4,4,9,11,16,13,20,20,19,22,24,23,19,19,28,26,18,11,12,11,0,9,8,9,6,5,6,4,2,5,4,5,6,7,6,3,3,7,10,12,10,14,14,16,18,21,25,23,22,23,19,17,14,11,13,12,15,21,21,19,11,11,9,7,8,7,9,8,5,3,7,7,7,5,3,2,4,5,4,0,1,0,0,0,0
2022-04-06 18:00:00,2,0,6,8,10,11,10,9,8,5,4,5,7,12,16,14,21,21,21,23,23,24,29,27,25,23,29,16,23,21,26,22,21,25,25,21,16,13,14,14,10,12,4,7,6,4,6,4,4,27,31,34,37,42,43,41,44,42,59,52,19,18,22,20,22,16,11,11,12,12,14,9,14,20,16,13,17,17,17,15,9,6,7,10,14,16,5,8,6,4,2,0,1,0,0,0,0
2022-04-06 19:00:00,0,0,0,6,8,4,6,5,4,2,1,4,5,5,6,7,18,17,16,15,15,16,16,18,17,17,22,18,15,15,15,12,11,14,12,13,7,8,7,4,9,7,8,7,8,2,2,9,7,11,13,12,13,7,12,9,10,13,25,28,29,23,20,24,27,19,9,8,5,7,4,3,5,6,6,4,6,5,1,5,3,2,2,3,2,1,0,2,4,2,2,1,0,0,0,1,0
2022-04-06 20:00:00,0,0,1,0,2,1,2,2,3,5,0,1,6,7,5,5,0,6,2,11,12,15,16,18,19,19,17,16,15,13,13,4,8,10,10,9,8,5,6,7,2,6,7,5,4,3,0,2,1,9,9,8,11,11,12,14,16,18,26,22,17,12,10,14,18,15,12,10,11,10,11,12,4,11,11,10,6,3,5,7,4,1,0,1,1,2,0,0,4,3,4,3,2,0,0,0,0
2022-04-06 21:00:00,0,1,2,1,1,2,2,3,0,3,0,2,3,1,8,1,5,11,8,15,15,16,15,16,17,16,14,13,11,6,10,6,0,14,16,14,8,4,7,6,0,6,8,6,4,3,4,2,1,10,12,13,12,12,10,13,14,12,14,11,6,6,6,6,6,5,4,1,0,5,1,6,3,4,5,3,5,4,1,3,1,0,0,1,2,2,2,1,4,5,4,2,2,1,1,0,0
2022-04-06 22:00:00,0,0,1,0,0,1,1,2,2,5,0,4,3,2,1,0,3,0,2,10,13,16,17,20,19,17,16,15,13,9,7,9,8,12,13,10,6,4,3,1,0,1,2,0,1,1,0,0,0,3,13,13,13,7,14,12,14,16,20,18,12,11,11,12,19,15,8,5,4,6,3,0,5,7,9,8,7,5,9,8,4,1,1,0,1,0,0,1,3,5,6,3,2,0,1,0,0
2022-04-06 23:00:00,0,0,0,0,0,0,0,0,0,5,0,0,0,0,6,6,5,0,4,9,12,13,14,15,0,13,13,12,8,7,5,4,4,8,8,7,4,2,2,2,2,4,5,3,3,4,1,0,1,3,0,0,3,2,3,4,7,8,13,6,8,7,5,0,10,9,5,6,4,4,5,4,4,3,5,0,6,5,0,6,2,0,1,0,1,0,3,0,4,0,1,0,0,0,0,0,0
2022-04-07 00:00:00,0,0,0,0,0,0,0,0,0,0,0,0,0,0,0,0,0,0,0,0,0,0,0,0,0,0,0,0,0,0,0,0,0,0,0,0,0,0,0,0,0,0,0,0,0,0,0,0,0,0,0,0,0,0,0,0,0,0,0,0,0,0,0,0,0,0,0,0,0,0,0,0,0,0,0,0,0,0,0,0,0,0,0,0,0,0,0,0,0,0,0,0,0,0,0,0,0
2022-04-07 01:00:00,0,0,0,0,0,0,0,0,0,0,0,0,0,0,0,0,0,0,0,0,0,0,0,0,0,0,0,0,0,0,0,0,0,0,0,0,0,0,0,0,0,0,0,0,0,0,0,0,0,0,0,0,0,0,0,0,0,0,0,0,0,0,0,0,0,0,0,0,0,0,0,0,0,0,0,0,0,0,0,0,0,0,0,0,0,0,0,0,0,0,0,0,0,0,0,0,0
2022-04-07 02:00:00,0,0,0,0,0,0,0,0,0,0,0,0,0,0,0,0,0,0,0,0,0,0,0,0,0,0,0,0,0,0,0,0,0,0,0,0,0,0,0,0,0,0,0,0,0,0,0,0,0,0,0,0,0,0,0,0,0,0,0,0,0,0,0,0,0,0,0,0,0,0,0,0,0,0,0,0,0,0,0,0,0,0,0,0,0,0,0,0,0,0,0,0,0,0,0,0,0
2022-04-07 03:00:00,0,0,0,0,0,0,0,0,0,0,0,0,0,0,0,0,0,0,0,0,0,0,0,0,0,0,0,0,0,0,0,0,0,0,0,0,0,0,0,0,0,0,0,0,0,0,0,0,0,0,0,0,0,0,0,0,0,0,0,0,0,0,0,0,0,0,0,0,0,0,0,0,0,0,0,0,0,0,0,0,0,0,0,0,0,0,0,0,0,0,0,0,0,0,0,0,0
2022-04-07 04:00:00,0,0,0,1,3,2,1,2,0,0,1,0,0,2,3,4,0,3,4,3,5,6,8,0,9,8,7,8,7,8,7,0,0,0,0,0,0,0,0,0,0,0,0,0,0,0,0,0,0,0,0,0,0,0,0,0,0,0,0,0,0,0,0,0,0,0,0,0,0,0,0,0,0,0,0,0,0,0,0,0,0,0,0,0,0,0,0,0,0,0,0,0,0,0,0,0,0
2022-04-07 05:00:00,0,0,0,1,2,2,0,1,0,1,1,2,1,2,4,1,3,0,3,7,6,8,9,10,9,7,7,8,3,7,3,5,2,5,4,3,0,5,4,6,4,0,2,1,3,2,2,1,0,2,5,3,0,0,0,1,0,0,0,6,8,10,11,10,7,6,5,4,0,5,4,0,0,0,0,0,0,0,0,0,0,0,0,0,0,0,0,0,0,0,0,0,0,0,0,0,0
2022-04-07 06:00:00,0,0,1,1,0,1,0,0,1,0,0,0,1,1,2,1,3,0,1,1,0,1,0,0,0,0,2,1,4,8,6,12,9,4,4,3,5,7,8,4,8,6,5,3,3,6,4,2,0,1,0,0,0,1,2,0,4,1,6,5,8,12,14,12,10,9,10,5,6,4,5,3,0,6,4,5,4,3,0,2,1,0,2,1,2,0,0,1,2,1,0,0,0,0,0,0,0
2022-04-07 07:00:00,0,1,0,2,4,8,9,6,7,6,6,4,3,7,9,6,11,13,12,11,9,6,5,8,6,4,3,4,5,17,25,38,31,11,11,13,15,21,23,18,15,16,18,11,10,10,8,4,1,16,15,12,9,8,6,8,6,0,2,3,14,27,34,30,11,7,12,13,16,19,19,11,19,22,19,21,28,27,26,22,22,15,9,7,4,4,5,3,2,0,5,4,3,2,1,0,0
2022-04-07 08:00:00,0,1,0,3,8,12,13,9,8,4,6,3,4,5,11,13,15,14,14,7,8,8,9,10,9,8,9,10,12,25,31,44,40,16,16,17,16,22,24,18,18,19,22,20,15,15,10,4,1,19,16,17,14,11,8,6,5,7,7,7,20,39,55,52,11,15,20,28,27,26,20,26,27,29,30,27,24,21,16,13,11,2,6,3,6,4,5,4,28,3,2,0,0,2,0,0,0
2022-04-07 09:00:00,0,0,0,2,5,3,6,4,3,1,1,2,0,5,7,7,6,4,5,6,6,8,8,9,10,9,7,4,7,14,21,24,21,14,13,18,19,20,21,20,19,18,20,18,17,12,11,6,2,7,2,6,4,3,3,2,2,4,7,8,9,15,17,17,10,12,15,17,17,17,17,18,18,17,15,14,11,7,1,5,4,3,2,2,2,1,1,1,3,2,0,1,2,0,0,0,0
2022-04-07 10:00:00,0,0,1,2,4,4,3,2,0,1,1,3,2,3,6,0,0,7,7,2,8,10,13,10,0,9,9,7,7,12,13,14,13,5,7,5,6,7,8,10,8,6,6,5,5,6,6,4,0,4,5,6,5,6,4,5,3,5,4,5,10,13,11,9,8,5,6,7,8,8,10,8,9,10,8,6,13,11,8,5,4,3,2,1,2,0,2,1,1,1,0,0,2,0,0,0,0
2022-04-07 11:00:00,0,0,1,2,3,7,7,5,4,2,1,5,4,5,4,5,6,7,7,5,6,7,8,9,7,11,11,4,10,10,11,12,11,11,12,13,12,13,17,13,11,9,10,10,11,4,3,2,1,3,0,3,2,3,5,4,5,3,3,3,4,5,5,0,7,0,6,7,7,10,5,9,7,8,8,7,6,1,0,6,2,1,0,1,0,1,2,1,0,0,0,1,0,0,1,0,0
2022-04-07 12:00:00,0,1,0,2,6,2,6,5,2,2,0,1,2,4,7,5,7,0,7,7,10,10,10,11,12,10,8,6,7,12,14,7,16,19,21,22,21,20,18,15,11,8,9,8,9,9,0,1,1,6,9,8,8,9,6,7,8,9,14,13,15,14,13,17,17,15,11,12,11,9,11,10,11,13,14,13,8,6,4,5,4,3,2,3,2,0,4,6,6,7,5,0,3,0,0,0,0
2022-04-07 13:00:00,0,0,3,4,1,2,3,1,6,4,2,2,3,1,7,9,15,15,20,24,24,21,22,23,18,14,13,9,14,17,19,20,19,14,11,13,14,14,16,17,16,10,10,4,9,7,5,2,0,9,5,5,0,5,7,7,7,9,8,7,9,10,12,9,10,7,14,17,11,15,14,13,14,12,11,2,6,4,4,4,4,5,3,2,0,2,1,3,0,4,3,0,0,0,0,0,0
2022-04-07 14:00:00,0,0,0,2,0,0,0,2,0,0,6,0,7,8,13,12,10,2,9,8,7,9,8,11,8,9,3,10,6,11,12,14,0,10,9,0,10,13,13,10,7,4,7,2,4,5,3,2,1,9,15,14,17,0,13,17,20,22,21,21,16,16,14,11,11,10,7,9,10,8,5,9,9,8,4,7,9,8,3,4,4,4,5,6,3,2,4,3,0,1,2,0,0,2,1,1,0
2022-04-07 15:00:00,0,1,3,6,0,2,4,3,3,2,3,2,3,8,7,6,11,13,15,23,23,33,29,35,34,32,29,27,22,16,16,15,0,12,14,15,14,13,15,14,11,11,7,8,0,7,6,4,3,8,14,13,13,13,11,14,8,13,13,12,14,14,13,14,10,8,6,8,6,10,8,7,9,7,14,16,13,7,0,4,5,3,3,4,1,2,2,0,3,0,2,0,2,0,0,0,0
2022-04-07 16:00:00,0,1,1,4,0,2,0,4,3,5,5,5,7,16,19,12,20,21,21,24,27,26,24,24,18,23,20,21,18,15,14,13,13,15,17,17,14,9,7,5,6,4,5,6,7,4,6,2,1,6,11,10,3,8,10,11,13,15,23,24,24,25,25,25,22,6,6,7,8,10,10,9,10,9,7,4,9,12,0,8,6,10,14,12,11,11,8,3,2,2,4,2,1,4,0,0,0
2022-04-07 17:00:00,0,3,5,6,10,9,9,7,6,5,6,6,7,11,10,8,14,15,16,19,22,27,27,26,23,21,22,20,18,14,13,12,11,9,4,9,8,5,6,7,0,6,3,2,2,1,0,0,1,13,17,16,21,22,26,19,22,24,26,20,17,15,17,18,33,25,14,12,10,17,18,20,15,21,13,6,8,8,6,9,6,2,4,1,4,5,3,4,4,6,6,4,1,0,0,0,0
2022-04-07 18:00:00,3,0,7,6,9,7,10,8,5,5,0,6,9,12,15,18,27,25,24,26,30,31,34,38,38,35,31,29,26,21,20,19,17,22,19,14,14,18,19,16,13,17,20,19,18,15,12,6,4,10,14,14,16,18,15,21,17,17,16,13,11,12,11,11,28,22,17,15,13,13,15,13,12,19,18,17,13,12,11,13,4,4,4,11,16,18,16,6,6,5,4,2,1,0,0,0,0
2022-04-07 19:00:00,0,1,0,1,2,4,0,4,3,4,2,1,3,5,7,8,11,12,14,22,21,21,23,21,20,21,18,19,16,14,15,14,14,24,20,19,11,12,11,8,7,6,5,3,4,2,2,2,7,12,14,15,16,19,22,23,20,19,21,17,14,16,15,15,34,25,13,9,8,8,9,10,7,9,8,6,10,9,5,10,6,3,1,2,1,3,2,0,4,0,3,2,1,0,0,0,0
2022-04-07 20:00:00,0,0,1,0,0,3,2,2,0,1,1,2,0,2,3,3,5,0,5,13,12,13,13,14,13,9,8,7,6,7,8,7,6,18,19,16,8,5,4,2,5,7,7,6,3,2,1,0,0,19,23,24,23,21,26,23,28,28,41,35,25,23,21,17,36,19,16,12,11,7,8,7,7,9,9,8,10,9,6,9,6,2,0,1,2,2,1,3,4,4,4,0,1,0,0,0,0
2022-04-07 21:00:00,0,0,0,1,0,0,0,0,0,3,1,0,0,2,6,6,7,4,13,16,16,9,16,18,14,10,15,14,12,9,9,11,10,13,15,11,6,4,7,8,4,0,3,1,0,0,2,0,1,8,9,8,16,15,15,16,22,14,22,15,13,13,11,9,24,17,10,7,6,5,8,9,8,14,7,7,6,10,9,10,5,2,1,0,0,2,2,0,2,0,4,2,3,2,1,0,0
2022-04-07 22:00:00,0,0,2,0,0,1,1,1,2,4,3,4,1,0,3,4,5,5,9,10,16,26,29,40,41,37,34,30,22,12,13,10,6,7,7,6,4,3,0,0,0,5,9,8,0,7,6,4,1,13,17,15,18,15,14,15,18,17,21,21,16,14,13,14,12,10,11,9,7,6,7,8,6,14,26,26,26,25,24,23,10,2,0,1,0,3,0,2,3,3,2,1,0,0,0,0,0
2022-04-07 23:00:00,0,0,0,0,0,0,0,0,0,0,0,0,0,5,5,0,4,0,6,11,13,11,8,9,0,10,0,11,8,7,9,10,0,9,7,6,3,4,3,0,0,3,1,2,4,3,0,2,4,6,7,6,5,6,4,1,7,8,11,9,8,7,6,1,12,7,8,6,3,5,7,8,7,8,4,3,5,3,0,2,0,1,0,1,1,0,1,0,4,5,3,1,0,0,0,0,0
2022-04-08 00:00:00,0,0,0,0,0,0,0,0,0,0,0,0,0,0,0,0,0,0,0,0,0,0,0,0,0,0,0,0,0,0,0,0,0,0,0,0,0,0,0,0,0,0,0,0,0,0,0,0,0,0,0,0,0,0,0,0,0,0,0,0,0,0,0,0,0,0,0,0,0,0,0,0,0,0,0,0,0,0,0,0,0,0,0,0,0,0,0,0,0,0,0,0,0,0,0,0,0
2022-04-08 01:00:00,0,0,0,0,0,0,0,0,0,0,0,0,0,0,0,0,0,0,0,0,0,0,0,0,0,0,0,0,0,0,0,0,0,0,0,0,0,0,0,0,0,0,0,0,0,0,0,0,0,0,0,0,0,0,0,0,0,0,0,0,0,0,0,0,0,0,0,0,0,0,0,0,0,0,0,0,0,0,0,0,0,0,0,0,0,0,0,0,0,0,0,0,0,0,0,0,0
2022-04-08 02:00:00,0,0,0,0,0,0,0,0,0,0,0,0,0,0,0,0,0,0,0,0,0,0,0,0,0,0,0,0,0,0,0,0,0,0,0,0,0,0,0,0,0,0,0,0,0,0,0,0,0,0,0,0,0,0,0,0,0,0,0,0,0,0,0,0,0,0,0,0,0,0,0,0,0,0,0,0,0,0,0,0,0,0,0,0,0,0,0,0,0,0,0,0,0,0,0,0,0
2022-04-08 03:00:00,0,0,0,0,0,0,0,0,0,0,0,0,0,0,0,0,0,0,0,0,0,0,0,0,0,0,0,0,0,0,0,0,0,0,0,0,0,0,0,0,0,0,0,0,0,0,0,0,0,0,0,0,0,0,0,0,0,0,0,0,0,0,0,0,0,0,0,0,0,0,0,0,0,0,0,0,0,0,0,0,0,0,0,0,0,0,0,0,0,0,0,0,0,0,0,0,0
2022-04-08 04:00:00,0,0,0,1,2,2,1,0,0,0,0,0,0,3,4,4,4,5,3,4,5,7,11,0,10,8,0,10,9,0,0,7,0,0,0,0,0,0,0,0,0,0,0,0,0,0,0,0,0,0,0,0,0,0,0,0,0,0,0,0,0,0,0,0,0,0,0,0,0,0,0,0,0,0,0,0,0,0,0,0,0,0,0,0,0,0,0,0,0,0,0,0,0,0,0,0,0
2022-04-08 05:00:00,0,0,0,1,2,2,0,1,1,0,1,0,0,0,3,2,3,0,0,4,0,3,0,4,3,1,2,3,0,4,3,4,5,2,5,0,1,6,5,0,4,4,1,4,0,3,2,0,1,0,3,0,1,0,4,2,0,0,0,2,0,5,5,0,7,0,0,0,0,6,5,0,0,0,0,0,0,0,0,0,0,0,0,0,0,0,0,0,0,0,0,0,0,0,0,0,0
2022-04-08 06:00:00,0,0,0,1,2,1,0,0,1,0,0,0,0,1,1,2,4,1,3,4,3,3,4,1,3,2,2,3,6,7,9,16,13,4,4,6,10,15,12,11,2,0,5,4,0,2,0,1,0,1,2,0,0,1,0,1,2,1,1,0,7,11,14,11,6,5,5,8,9,9,10,9,6,6,10,7,4,2,2,1,0,0,0,2,3,1,2,0,1,0,1,0,0,0,0,0,0
2022-04-08 07:00:00,0,0,0,4,3,7,7,0,8,6,6,3,4,7,15,14,21,22,17,16,16,9,7,9,5,8,8,8,9,20,25,31,26,10,13,16,24,37,30,24,19,16,14,11,10,7,4,2,1,3,3,3,4,3,3,5,2,2,4,2,14,24,32,31,13,15,26,32,35,36,35,33,25,28,21,11,25,14,10,14,14,11,6,7,5,4,4,3,4,0,6,4,5,5,1,0,0
2022-04-08 08:00:00,0,1,0,2,5,6,8,6,7,3,6,1,3,6,11,9,12,14,14,10,11,12,11,11,10,9,9,9,12,21,25,35,32,21,19,21,25,42,44,28,25,26,33,30,30,21,18,5,1,14,20,15,13,9,6,8,10,9,10,11,13,23,30,28,13,18,26,29,29,23,25,24,25,26,23,21,25,22,19,16,15,10,8,6,7,6,5,3,26,5,3,2,4,0,3,1,0
2022-04-08 09:00:00,0,0,1,3,5,5,6,3,4,2,4,2,3,8,8,8,10,8,10,9,10,12,11,7,11,12,14,7,13,16,18,25,20,15,13,16,16,15,34,25,24,18,17,15,16,9,10,5,2,3,7,5,4,5,6,5,3,2,4,3,7,16,21,22,12,11,12,13,12,12,15,14,13,15,13,13,11,7,4,2,4,0,3,1,3,3,1,2,1,0,1,1,0,0,0,0,0
2022-04-08 10:00:00,0,1,1,2,2,3,4,3,2,0,0,0,0,1,3,4,8,7,7,7,7,6,8,11,8,8,6,0,9,9,9,11,10,9,9,11,10,14,14,12,11,12,8,11,10,9,7,4,1,3,5,6,8,3,9,8,0,2,2,1,4,8,9,3,6,3,8,10,13,15,15,14,12,14,10,8,6,5,0,6,5,3,4,5,4,5,0,4,3,2,1,0,1,0,0,0,0
2022-04-08 11:00:00,0,0,0,1,3,6,0,4,2,2,1,2,0,3,5,7,10,8,7,7,3,7,8,6,10,5,11,0,10,12,14,13,6,9,9,7,11,10,8,5,5,3,4,7,3,6,0,2,2,4,5,6,6,3,0,5,6,2,8,7,10,14,17,18,20,19,13,14,14,14,15,10,12,12,11,5,13,11,9,4,3,1,3,4,5,0,3,1,0,1,0,0,1,0,0,0,0
2022-04-08 12:00:00,0,1,0,2,3,5,4,2,1,2,1,0,1,5,8,9,11,0,12,14,13,11,10,9,8,6,10,0,8,13,8,0,11,9,9,10,12,12,12,11,7,8,8,10,4,9,0,4,2,8,9,14,11,11,8,11,9,0,9,7,13,12,13,10,10,11,13,16,17,13,16,16,14,13,12,11,6,6,7,5,3,2,1,3,2,0,2,3,0,0,2,0,0,1,1,0,0
2022-04-08 13:00:00,0,0,0,3,3,5,0,5,4,3,1,4,6,5,7,8,9,10,10,9,8,11,12,6,11,10,5,0,5,6,15,16,15,17,16,19,22,25,18,17,24,20,17,16,13,11,9,7,4,7,9,0,8,8,0,8,11,13,15,14,13,12,9,7,11,8,10,12,8,11,10,14,7,16,16,13,8,7,4,4,5,4,3,0,2,2,1,1,2,0,0,1,1,0,0,0,0
2022-04-08 14:00:00,0,0,3,2,1,4,2,2,3,2,6,1,4,6,7,9,11,9,11,24,13,14,13,13,11,10,17,11,11,12,14,16,13,13,13,15,17,15,13,9,2,6,7,6,5,5,2,3,1,9,13,12,14,12,6,12,13,11,15,13,17,19,22,21,19,15,12,13,14,14,13,14,14,13,10,8,5,6,5,5,4,2,2,3,2,5,2,3,2,1,1,0,0,0,0,0,0
2022-04-08 15:00:00,1,0,0,1,4,6,5,3,3,2,4,3,0,7,7,9,10,10,10,24,29,34,33,35,34,34,19,7,17,17,17,21,18,18,17,18,17,14,12,10,11,6,9,7,7,5,0,1,1,6,11,4,10,9,0,12,11,13,10,9,11,7,13,12,17,15,20,19,21,15,16,9,11,11,17,9,20,0,6,15,9,4,2,5,6,5,6,5,3,2,3,2,2,0,1,0,0
2022-04-08 16:00:00,0,1,4,6,0,8,6,4,2,3,3,6,18,20,22,23,26,22,23,26,29,29,29,34,33,31,30,30,27,23,18,10,17,13,11,11,7,8,11,11,0,4,10,0,2,9,8,3,2,7,12,14,14,14,14,16,19,18,23,22,16,18,17,18,18,15,16,16,18,17,20,22,20,21,14,11,8,8,7,5,6,7,4,4,4,4,4,1,5,4,1,0,0,2,0,0,0
2022-04-08 17:00:00,0,3,4,1,6,5,7,4,3,4,0,5,6,6,8,10,11,14,13,21,21,22,24,23,22,20,20,21,17,12,12,18,16,21,21,19,17,20,13,12,14,12,11,11,7,9,8,4,4,17,21,21,24,22,18,19,21,24,29,27,26,22,21,19,26,21,20,19,19,15,17,14,15,16,18,13,10,10,8,8,6,5,5,7,7,5,4,3,0,1,1,0,0,0,0,0,0
2022-04-08 18:00:00,2,0,3,6,7,7,6,7,5,4,8,9,14,13,18,22,38,41,43,41,44,42,38,40,41,35,32,32,23,17,16,16,16,22,26,23,21,14,24,20,13,12,15,12,15,11,9,7,7,37,41,41,42,40,39,36,40,42,47,41,17,19,23,24,42,32,17,17,15,14,16,16,14,20,23,22,23,20,18,14,5,3,1,6,6,11,10,6,7,6,5,4,3,1,0,0,0
2022-04-08 19:00:00,0,0,1,0,3,4,3,0,3,0,0,5,6,7,9,13,18,19,18,20,22,19,19,20,22,22,28,24,19,16,14,16,14,22,21,17,11,12,17,14,11,10,5,2,3,4,3,1,2,14,13,14,16,17,20,21,23,25,33,26,26,24,25,24,41,30,11,15,6,14,16,16,15,17,15,14,10,8,5,9,11,6,5,6,2,6,0,2,3,3,2,1,0,1,0,0,0
2022-04-08 20:00:00,0,0,1,1,1,2,0,4,2,3,4,2,3,1,4,3,5,0,6,9,10,8,13,18,16,12,13,6,10,12,11,10,0,4,7,3,5,7,5,0,4,4,7,6,7,0,5,3,2,12,15,9,10,14,15,12,18,16,16,12,10,13,9,10,18,17,11,8,4,11,7,10,10,10,11,14,19,17,5,3,0,1,3,2,5,6,8,0,8,6,3,0,1,0,0,0,0
2022-04-08 21:00:00,0,0,0,0,1,0,0,1,0,1,0,0,3,3,4,1,5,6,7,8,9,11,5,15,19,20,23,0,6,6,0,5,0,12,8,6,4,5,3,4,3,2,5,4,4,2,0,0,1,11,12,10,11,13,10,14,23,21,29,27,16,13,9,11,16,13,6,8,6,4,2,4,6,8,6,1,10,6,13,12,7,2,0,0,0,1,3,2,3,0,4,3,0,0,0,0,0
2022-04-08 22:00:00,1,0,0,0,0,0,1,1,1,1,3,0,0,1,2,1,2,0,3,4,5,9,13,15,16,5,22,21,16,10,8,8,0,9,7,7,5,3,3,2,2,5,6,0,0,0,5,1,1,10,17,16,18,0,6,21,28,32,33,31,22,19,18,17,27,21,9,5,8,6,6,0,6,0,11,19,20,19,2,21,5,2,1,1,0,0,1,0,5,6,5,3,2,1,0,0,0
2022-04-08 23:00:00,0,0,0,0,0,0,0,0,0,0,1,0,0,0,1,0,2,0,0,7,12,13,13,15,0,6,15,12,12,11,10,7,4,17,16,10,6,4,4,3,1,2,0,3,3,4,3,2,0,9,10,12,12,0,11,14,18,0,12,8,5,10,9,7,14,9,6,5,5,6,7,3,5,9,8,0,7,6,5,5,3,1,0,0,0,1,0,1,4,4,0,3,0,2,1,0,0
2022-04-09 00:00:00,0,0,0,0,0,0,0,0,0,0,0,0,0,0,0,0,0,0,0,0,0,0,0,0,0,0,0,0,0,0,0,0,0,0,0,0,0,0,0,0,0,0,0,0,0,0,0,0,0,0,0,0,0,0,0,0,0,0,0,0,0,0,0,0,0,0,0,0,0,0,0,0,0,0,0,0,0,0,0,0,0,0,0,0,0,0,0,0,0,0,0,0,0,0,0,0,0
2022-04-09 01:00:00,0,0,0,0,0,0,0,0,0,0,0,0,0,0,0,0,0,0,0,0,0,0,0,0,0,0,0,0,0,0,0,0,0,0,0,0,0,0,0,0,0,0,0,0,0,0,0,0,0,0,0,0,0,0,0,0,0,0,0,0,0,0,0,0,0,0,0,0,0,0,0,0,0,0,0,0,0,0,0,0,0,0,0,0,0,0,0,0,0,0,0,0,0,0,0,0,0
2022-04-09 02:00:00,0,0,0,0,0,0,0,0,0,0,0,0,0,0,0,0,0,0,0,0,0,0,0,0,0,0,0,0,0,0,0,0,0,0,0,0,0,0,0,0,0,0,0,0,0,0,0,0,0,0,0,0,0,0,0,0,0,0,0,0,0,0,0,0,0,0,0,0,0,0,0,0,0,0,0,0,0,0,0,0,0,0,0,0,0,0,0,0,0,0,0,0,0,0,0,0,0
2022-04-09 03:00:00,0,0,0,0,0,0,0,0,0,0,0,0,0,0,0,0,0,0,0,0,0,0,0,0,0,0,0,0,0,0,0,0,0,0,0,0,0,0,0,0,0,0,0,0,0,0,0,0,0,0,0,0,0,0,0,0,0,0,0,0,0,0,0,0,0,0,0,0,0,0,0,0,0,0,0,0,0,0,0,0,0,0,0,0,0,0,0,0,0,0,0,0,0,0,0,0,0
2022-04-09 04:00:00,0,0,0,1,0,1,0,0,0,0,0,0,0,1,3,2,0,0,3,0,4,5,0,6,7,6,6,6,0,7,0,0,6,0,0,0,0,0,0,0,0,0,0,0,0,0,0,0,0,0,0,0,0,0,0,0,0,0,0,0,0,0,0,0,0,0,0,0,0,0,0,0,0,0,0,0,0,0,0,0,0,0,0,0,0,0,0,0,0,0,0,0,0,0,0,0,0
2022-04-09 05:00:00,0,0,0,1,2,1,0,0,0,0,0,0,1,0,2,1,3,0,2,5,3,4,0,4,3,0,3,0,4,5,7,9,3,7,5,8,9,8,8,5,4,4,4,0,1,3,2,1,0,0,2,0,1,0,0,0,0,0,0,0,4,2,3,2,1,0,0,0,0,0,0,0,0,0,0,0,0,0,0,0,0,0,0,0,0,0,0,0,0,0,0,0,0,0,0,0,0
2022-04-09 06:00:00,0,0,0,0,0,0,0,0,0,0,0,0,0,0,0,3,4,0,1,3,4,3,1,2,0,1,1,4,5,6,5,5,0,5,6,6,5,8,9,5,4,3,5,4,1,0,0,1,0,1,2,0,1,0,0,0,0,0,1,0,1,2,3,3,3,4,5,5,5,7,4,3,0,0,5,4,3,2,0,1,0,0,0,0,0,0,0,0,0,0,0,0,0,0,0,0,0
2022-04-09 07:00:00,0,0,0,1,2,1,0,1,0,0,1,0,1,3,3,1,5,2,3,4,3,4,4,4,3,5,6,5,4,6,5,6,4,4,2,3,5,7,9,8,7,6,5,0,4,3,3,1,1,1,1,1,0,0,0,0,2,0,0,3,5,7,1,2,5,3,6,4,2,9,2,7,6,1,4,2,4,2,3,2,0,0,0,1,2,0,0,0,2,0,1,1,1,2,1,0,0
2022-04-09 08:00:00,0,0,0,4,5,6,4,5,3,1,0,2,1,6,7,7,10,9,11,8,9,9,8,9,7,6,5,7,9,8,12,9,8,8,16,15,15,25,22,19,15,12,10,10,9,8,6,2,1,5,5,4,0,0,4,4,2,0,3,2,3,7,14,12,6,9,12,12,13,10,11,8,7,8,6,4,3,3,2,1,3,4,0,4,3,3,1,0,0,0,3,5,0,6,2,0,0
2022-04-09 09:00:00,0,0,2,3,4,5,6,5,2,1,3,0,4,6,12,4,8,7,11,8,9,8,9,0,6,6,7,3,4,9,9,5,6,7,5,7,7,21,17,16,15,13,12,10,7,10,7,6,4,3,7,8,7,1,7,3,8,7,9,6,8,9,13,9,6,8,13,12,17,17,12,0,15,14,11,9,6,5,0,6,0,3,3,2,3,2,1,0,0,1,1,0,0,0,0,0,0
2022-04-09 10:00:00,0,0,1,0,2,1,1,0,1,2,0,4,0,1,8,8,8,5,9,8,7,9,10,13,12,11,11,10,8,9,10,12,11,12,8,10,12,16,14,10,5,9,10,9,9,11,10,5,2,4,8,7,6,0,6,5,3,4,6,3,6,8,11,9,8,7,20,18,14,16,16,15,14,12,11,13,7,6,4,3,2,7,6,1,3,0,0,0,0,0,1,1,0,0,0,0,0
2022-04-09 11:00:00,0,0,0,0,0,1,0,0,1,1,2,2,2,4,11,11,13,12,11,10,8,9,6,8,7,8,0,0,9,11,11,13,6,11,8,10,11,16,16,13,13,11,13,13,13,13,12,11,7,6,3,1,5,6,6,5,6,6,6,5,6,10,0,9,8,9,10,11,13,15,15,15,13,13,10,9,7,0,6,2,3,4,5,5,3,2,3,2,0,1,0,1,0,2,1,0,0
2022-04-09 12:00:00,1,0,3,0,4,6,8,6,3,2,4,3,4,6,9,11,12,12,11,12,10,7,8,7,10,9,10,9,14,18,18,22,20,13,13,12,14,15,21,19,16,11,12,11,5,11,0,2,3,11,11,0,9,8,12,13,12,14,15,13,16,17,12,14,11,11,12,13,12,10,15,12,15,13,12,6,12,6,10,6,4,4,0,3,1,2,3,1,6,3,3,0,1,0,0,0,0
2022-04-09 13:00:00,0,0,1,3,5,7,6,4,2,0,0,0,0,2,5,6,10,0,11,18,5,6,9,22,21,18,15,14,13,14,15,13,15,13,13,13,13,19,16,13,8,12,10,6,6,5,0,9,3,7,9,8,9,10,12,12,12,0,12,13,18,23,22,22,18,17,13,14,16,18,15,14,14,15,14,16,12,8,6,5,3,2,3,6,6,5,4,3,2,0,1,0,0,0,0,0,0
2022-04-09 14:00:00,0,0,1,0,5,0,0,4,0,1,0,2,2,5,8,7,9,11,0,14,21,20,20,16,19,14,21,0,15,12,0,11,10,12,14,15,16,14,21,22,23,17,24,19,18,17,13,5,5,13,29,16,31,16,23,20,18,21,22,19,21,18,20,17,15,13,12,18,19,15,16,14,13,11,10,9,9,10,9,7,5,4,4,1,4,5,4,2,0,1,0,3,0,0,2,0,0
2022-04-09 15:00:00,0,0,0,0,3,3,2,1,0,2,0,0,3,4,6,5,9,11,12,13,14,15,14,12,13,11,11,12,14,17,19,22,18,17,16,15,15,18,17,13,11,3,10,7,0,5,5,4,3,13,15,14,16,30,26,30,35,39,39,36,26,24,23,21,20,14,15,16,0,9,10,11,12,11,11,9,13,14,13,10,7,6,5,6,8,9,7,5,4,3,2,1,0,10,0,0,0
2022-04-09 16:00:00,0,0,0,6,0,8,6,4,0,1,0,2,0,3,6,5,12,10,16,19,20,21,20,22,22,16,19,15,17,22,21,20,16,21,22,21,19,15,16,17,16,13,13,20,16,13,9,5,4,20,28,25,6,0,28,30,36,40,37,23,22,22,28,19,16,15,16,16,17,17,16,17,17,23,22,20,20,20,19,21,10,6,7,4,6,7,7,5,8,6,5,1,0,0,0,0,0
2022-04-09 17:00:00,0,0,1,3,5,3,3,1,3,2,1,0,3,0,9,11,13,13,13,19,9,20,9,10,10,19,16,15,9,10,14,14,15,15,17,16,11,13,16,15,7,4,8,6,7,5,4,4,0,7,9,12,13,17,0,17,20,23,26,24,25,27,27,24,25,24,21,13,12,7,0,4,8,15,13,6,5,5,4,5,2,4,3,2,4,2,1,4,5,4,3,2,0,1,0,0,0
2022-04-09 18:00:00,0,0,0,0,4,0,0,3,1,1,2,3,2,4,7,0,8,9,10,15,14,16,15,21,11,20,23,20,16,12,13,12,8,12,11,9,3,3,3,4,13,7,6,5,2,3,0,1,4,17,21,22,19,0,20,20,25,21,19,15,10,11,8,17,13,10,10,13,13,9,10,9,11,13,11,10,7,2,0,8,6,2,0,0,0,0,0,0,0,2,0,0,1,0,0,0,0
2022-04-09 19:00:00,0,0,0,2,0,0,2,0,0,1,2,0,1,0,0,5,11,4,0,11,13,14,16,17,18,17,18,17,13,7,8,6,11,15,16,17,13,10,7,6,2,5,3,1,2,1,0,0,1,15,15,13,15,0,8,15,23,24,25,19,16,16,12,13,18,15,10,10,13,14,14,0,17,18,0,14,10,11,10,7,5,2,0,1,3,1,0,1,4,0,1,1,0,0,0,0,0
2022-04-09 20:00:00,0,1,0,0,0,3,0,0,1,0,2,0,2,1,3,4,6,6,10,10,12,11,13,16,17,15,16,14,11,10,10,9,7,13,7,9,7,6,5,3,4,0,7,6,4,5,3,2,2,10,12,13,11,0,12,13,12,13,12,11,9,13,15,12,20,14,12,9,1,9,12,11,7,8,4,3,10,0,0,3,0,0,0,0,0,3,0,0,0,1,1,0,0,3,0,0,0
2022-04-09 21:00:00,0,0,0,0,1,0,0,2,1,0,0,0,1,0,2,1,0,0,1,8,5,9,0,10,9,9,8,0,7,8,7,3,5,4,3,3,4,2,3,2,0,2,0,0,1,0,1,0,0,19,20,0,4,4,0,18,20,16,21,23,19,20,16,14,24,18,9,8,6,7,5,8,7,4,0,0,8,7,9,10,6,3,1,0,0,0,0,0,2,0,0,0,1,0,0,0,0
2022-04-09 22:00:00,0,0,0,0,0,0,0,1,1,0,2,0,1,2,0,0,2,1,0,7,6,5,7,7,4,5,7,5,3,4,0,4,1,7,6,3,3,1,7,0,0,0,4,3,0,7,4,0,0,11,7,0,12,0,11,6,12,10,11,12,13,11,12,11,14,11,10,7,8,5,5,4,4,5,7,6,7,5,0,6,3,2,0,1,1,0,0,0,4,4,5,2,0,0,1,0,0
2022-04-09 23:00:00,0,0,0,0,0,0,0,0,0,0,0,0,0,0,2,0,0,0,0,1,2,0,0,5,4,0,4,3,3,0,2,1,0,5,1,2,1,0,1,0,0,1,2,1,0,0,1,2,0,14,13,0,13,11,10,11,5,6,16,16,11,9,6,0,8,8,7,6,4,6,3,4,7,6,5,4,6,4,3,7,4,2,0,0,1,0,0,0,0,0,0,0,0,0,0,0,0
2022-04-10 00:00:00,0,0,0,0,0,0,0,0,0,0,0,0,0,0,0,0,0,0,0,0,0,0,0,0,0,0,0,0,0,0,0,0,0,0,0,0,0,0,0,0,0,0,0,0,0,0,0,0,0,0,0,0,0,0,0,0,0,0,0,0,0,0,0,0,0,0,0,0,0,0,0,0,0,0,0,0,0,0,0,0,0,0,0,0,0,0,0,0,0,0,0,0,0,0,0,0,0
2022-04-10 01:00:00,0,0,0,0,0,0,0,0,0,0,0,0,0,0,0,0,0,0,0,0,0,0,0,0,0,0,0,0,0,0,0,0,0,0,0,0,0,0,0,0,0,0,0,0,0,0,0,0,0,0,0,0,0,0,0,0,0,0,0,0,0,0,0,0,0,0,0,0,0,0,0,0,0,0,0,0,0,0,0,0,0,0,0,0,0,0,0,0,0,0,0,0,0,0,0,0,0
2022-04-10 02:00:00,0,0,0,0,0,0,0,0,0,0,0,0,0,0,0,0,0,0,0,0,0,0,0,0,0,0,0,0,0,0,0,0,0,0,0,0,0,0,0,0,0,0,0,0,0,0,0,0,0,0,0,0,0,0,0,0,0,0,0,0,0,0,0,0,0,0,0,0,0,0,0,0,0,0,0,0,0,0,0,0,0,0,0,0,0,0,0,0,0,0,0,0,0,0,0,0,0
2022-04-10 03:00:00,0,0,0,0,0,0,0,0,0,0,0,0,0,0,0,0,0,0,0,0,0,0,0,0,0,0,0,0,0,0,0,0,0,0,0,0,0,0,0,0,0,0,0,0,0,0,0,0,0,0,0,0,0,0,0,0,0,0,0,0,0,0,0,0,0,0,0,0,0,0,0,0,0,0,0,0,0,0,0,0,0,0,0,0,0,0,0,0,0,0,0,0,0,0,0,0,0
2022-04-10 04:00:00,0,0,0,0,2,1,2,1,0,0,0,0,0,1,0,2,0,1,0,1,3,0,4,0,0,3,2,0,0,0,3,4,0,0,3,0,0,0,0,0,0,0,0,0,0,0,0,0,0,0,0,0,0,0,0,0,0,0,0,0,0,0,0,0,0,0,0,0,0,0,0,0,0,0,0,0,0,0,0,0,0,0,0,0,0,0,0,0,0,0,0,0,0,0,0,0,0
2022-04-10 05:00:00,0,0,0,1,0,0,0,0,0,0,0,1,6,7,7,2,3,0,5,6,2,7,6,1,2,5,0,1,4,5,7,7,6,3,0,2,4,6,6,2,0,5,6,5,2,2,1,0,0,1,0,0,0,0,1,0,0,0,0,2,0,0,0,4,5,0,7,5,0,0,0,3,0,0,0,0,5,4,0,0,0,0,0,0,0,0,0,0,0,0,0,0,0,0,0,0,0
2022-04-10 06:00:00,0,0,0,0,0,1,0,0,0,0,0,0,1,0,1,0,2,0,3,1,0,2,2,2,1,0,4,5,4,2,5,9,6,2,0,0,0,3,3,2,1,2,1,0,1,0,0,0,0,0,0,1,2,0,0,3,1,0,1,0,2,0,0,0,4,2,2,4,4,4,0,5,1,3,0,4,3,1,0,0,0,0,0,0,0,0,0,0,0,0,0,0,0,0,0,0,0
2022-04-10 07:00:00,0,0,0,0,2,1,0,1,0,0,0,1,0,2,0,0,0,0,0,3,4,0,0,6,4,3,2,1,0,3,3,4,0,5,4,3,5,6,2,1,5,2,4,0,2,1,1,0,0,0,1,3,0,2,0,0,0,0,3,2,4,6,4,3,3,1,2,3,1,1,2,0,0,2,3,3,3,2,0,1,0,0,2,1,0,0,0,0,0,0,0,0,0,0,0,0,0
2022-04-10 08:00:00,0,0,0,2,2,0,2,1,2,0,1,0,1,2,3,0,0,0,1,4,0,2,3,4,0,2,1,5,0,5,7,6,4,5,0,7,3,9,11,12,9,10,5,8,4,7,6,2,1,2,0,5,4,0,3,2,0,0,3,3,8,9,10,4,6,8,10,8,7,5,0,8,7,5,5,0,3,4,0,3,2,3,0,2,1,2,0,1,0,0,2,0,0,1,1,0,0
2022-04-10 09:00:00,0,0,0,1,2,4,0,2,1,0,0,1,0,0,5,0,4,0,6,1,0,0,5,7,2,6,4,5,6,7,9,8,6,3,4,5,8,10,11,9,10,6,6,4,3,2,2,3,1,4,5,0,2,0,4,2,0,1,0,0,5,7,6,5,5,5,8,10,11,7,8,8,7,5,6,5,4,5,2,1,1,2,0,0,0,1,0,0,1,0,1,0,0,0,0,0,0
2022-04-10 10:00:00,0,0,1,0,6,8,7,6,3,2,1,0,1,5,8,9,8,4,9,6,5,4,6,7,5,6,5,4,6,6,8,7,7,8,10,10,8,10,12,7,8,0,10,8,9,0,8,4,1,2,3,0,0,2,1,1,0,1,2,3,3,5,6,5,6,0,6,6,7,7,5,5,8,6,7,5,7,2,6,5,4,2,3,0,5,4,0,0,0,3,1,1,2,0,1,0,0
2022-04-10 11:00:00,0,0,0,1,4,5,0,1,0,1,0,1,1,5,10,8,10,0,11,0,0,10,7,9,8,5,10,11,13,18,19,22,21,19,11,20,18,19,16,15,15,13,4,6,11,0,0,3,1,5,7,8,5,3,2,3,0,2,4,0,5,5,6,7,6,6,6,8,7,6,6,0,6,6,4,4,3,0,1,0,3,4,1,0,3,4,0,4,2,0,1,0,0,0,0,0,0
2022-04-10 12:00:00,0,0,0,1,8,2,6,5,4,3,0,0,4,1,5,9,10,9,6,11,10,11,10,11,0,10,3,6,7,11,16,21,20,18,16,18,17,21,19,17,16,14,12,13,11,0,4,4,3,8,0,6,7,7,3,7,10,10,9,7,6,8,12,8,14,14,13,10,15,18,18,15,17,21,19,6,2,0,0,0,0,1,0,0,0,0,0,0,0,1,0,1,0,1,0,0,0
2022-04-10 13:00:00,0,0,0,0,1,0,1,0,0,0,1,2,2,3,12,11,8,0,4,11,10,11,4,7,4,6,9,8,6,11,14,17,14,16,15,20,23,25,23,14,22,23,14,13,8,0,13,5,3,5,10,9,12,11,14,14,12,14,15,14,15,13,17,0,15,12,11,12,11,9,0,10,10,11,11,17,15,14,10,8,5,3,1,2,0,0,0,5,4,0,0,3,0,0,0,0,0
2022-04-10 14:00:00,0,0,0,3,0,4,4,3,2,7,1,0,8,7,7,9,12,10,12,17,19,17,17,16,15,13,16,0,15,17,16,16,0,8,10,12,12,12,16,13,12,8,5,6,0,6,5,1,2,6,11,6,14,0,13,13,7,14,9,13,11,14,13,14,16,14,15,17,18,14,16,15,9,8,6,6,5,4,2,1,3,1,2,1,0,2,0,1,3,1,0,1,1,0,0,0,0
2022-04-10 15:00:00,0,0,0,2,3,4,3,1,3,1,0,0,4,3,7,7,11,0,10,16,16,15,12,14,11,13,12,13,15,16,21,24,22,13,14,16,15,21,25,21,23,18,10,10,9,8,4,5,1,13,20,19,21,20,22,25,22,22,22,19,22,19,20,21,20,15,9,8,5,5,5,2,4,5,4,4,5,4,3,4,1,0,1,5,0,0,0,0,4,0,5,2,0,0,0,0,0
2022-04-10 16:00:00,0,0,0,0,1,1,2,3,1,2,0,1,1,2,4,0,0,1,6,11,0,3,10,14,15,14,16,0,12,9,13,6,5,5,6,5,6,7,10,11,9,8,8,7,11,13,11,8,1,14,16,10,12,0,0,12,13,18,11,10,10,10,11,10,14,20,22,22,0,18,17,18,16,17,15,13,9,3,2,2,1,0,0,0,0,5,2,1,0,0,1,0,0,0,0,0,0
2022-04-10 17:00:00,1,2,0,4,5,3,0,1,0,0,0,2,3,2,4,2,10,9,10,7,8,9,7,8,0,0,7,6,0,9,9,14,15,19,23,21,18,19,20,19,20,18,11,10,11,10,11,7,8,20,26,12,22,24,22,18,27,26,29,21,19,21,17,14,13,15,9,5,6,8,9,7,7,9,8,0,8,0,0,7,5,1,3,3,0,0,0,0,6,5,4,1,0,0,0,0,0
2022-04-10 18:00:00,0,0,0,0,0,1,3,2,1,0,0,1,0,2,2,3,7,0,5,12,13,7,15,8,15,16,14,13,10,7,9,9,7,18,18,15,13,7,8,5,4,3,7,6,5,6,3,1,2,12,17,18,18,18,11,14,16,18,22,20,19,15,14,13,15,11,9,6,3,6,5,7,7,7,8,5,5,4,2,7,2,1,0,1,2,3,4,3,0,2,0,0,0,0,0,0,0
2022-04-10 19:00:00,0,0,0,2,5,6,0,5,2,0,0,0,0,0,3,2,3,0,4,7,6,9,7,6,7,6,8,7,8,9,10,11,9,11,11,7,10,7,3,4,0,5,5,5,6,0,5,5,4,8,10,11,10,0,12,15,18,0,22,19,19,18,18,9,9,6,2,0,9,8,7,6,4,5,0,2,4,4,3,2,1,2,0,2,3,2,0,0,1,0,0,0,0,0,0,0,0
2022-04-10 20:00:00,0,2,0,0,1,0,1,0,2,1,0,1,2,2,3,4,6,7,7,14,0,0,13,14,0,11,13,0,12,10,8,6,9,10,12,6,5,4,7,6,4,1,8,7,5,2,4,1,0,19,19,8,0,7,20,22,28,28,28,22,16,17,16,13,14,13,11,9,8,7,0,0,0,3,0,0,2,2,0,2,0,0,0,0,0,1,0,0,3,0,0,2,0,0,0,0,0
2022-04-10 21:00:00,0,0,0,0,0,0,0,1,0,1,1,0,0,0,2,1,3,0,0,8,9,11,10,9,7,7,9,8,5,5,3,2,4,3,0,4,3,1,4,3,2,4,5,1,1,0,1,1,2,7,12,11,12,13,11,3,11,9,13,21,11,10,9,10,11,8,7,5,4,4,8,9,9,7,4,3,4,4,1,3,0,2,1,1,1,0,1,3,3,0,2,1,0,0,0,0,0
2022-04-10 22:00:00,0,0,0,1,0,2,0,1,0,0,0,0,0,0,0,0,6,0,5,18,19,6,18,20,22,21,16,15,12,8,10,0,3,13,14,8,2,3,1,2,0,0,0,0,0,0,1,0,0,13,17,17,20,19,20,16,22,21,20,18,11,10,9,8,10,9,5,4,0,2,3,3,2,0,1,2,7,0,0,8,1,0,0,0,0,0,0,0,1,0,1,0,0,0,0,0,0
2022-04-10 23:00:00,0,0,0,0,0,0,0,0,0,1,0,0,0,0,1,0,0,0,0,0,0,0,0,3,4,0,6,4,3,2,3,1,2,2,3,0,1,1,2,0,0,3,2,1,0,0,1,0,1,9,10,3,11,4,0,6,6,9,6,0,4,5,2,0,7,5,5,6,5,3,4,0,1,5,4,1,4,3,0,2,0,0,0,0,0,0,0,0,3,2,1,1,0,0,0,0,0
2022-04-11 00:00:00,0,0,0,0,0,0,0,0,0,0,0,0,0,0,0,0,0,0,0,0,0,0,0,0,0,0,0,0,0,0,0,0,0,0,0,0,0,0,0,0,0,0,0,0,0,0,0,0,0,0,0,0,0,0,0,0,0,0,0,0,0,0,0,0,0,0,0,0,0,0,0,0,0,0,0,0,0,0,0,0,0,0,0,0,0,0,0,0,0,0,0,0,0,0,0,0,0
2022-04-11 01:00:00,0,0,0,0,0,0,0,0,0,0,0,0,0,0,0,0,0,0,0,0,0,0,0,0,0,0,0,0,0,0,0,0,0,0,0,0,0,0,0,0,0,0,0,0,0,0,0,0,0,0,0,0,0,0,0,0,0,0,0,0,0,0,0,0,0,0,0,0,0,0,0,0,0,0,0,0,0,0,0,0,0,0,0,0,0,0,0,0,0,0,0,0,0,0,0,0,0
2022-04-11 02:00:00,0,0,0,0,0,0,0,0,0,0,0,0,0,0,0,0,0,0,0,0,0,0,0,0,0,0,0,0,0,0,0,0,0,0,0,0,0,0,0,0,0,0,0,0,0,0,0,0,0,0,0,0,0,0,0,0,0,0,0,0,0,0,0,0,0,0,0,0,0,0,0,0,0,0,0,0,0,0,0,0,0,0,0,0,0,0,0,0,0,0,0,0,0,0,0,0,0
2022-04-11 03:00:00,0,0,0,0,0,0,0,0,0,0,0,0,0,0,0,0,0,0,0,0,0,0,0,0,0,0,0,0,0,0,0,0,0,0,0,0,0,0,0,0,0,0,0,0,0,0,0,0,0,0,0,0,0,0,0,0,0,0,0,0,0,0,0,0,0,0,0,0,0,0,0,0,0,0,0,0,0,0,0,0,0,0,0,0,0,0,0,0,0,0,0,0,0,0,0,0,0
2022-04-11 04:00:00,0,0,0,1,3,3,2,2,0,0,1,1,0,2,4,7,0,0,8,9,10,12,13,12,10,8,7,0,5,6,7,5,0,0,0,0,0,0,0,0,0,0,0,0,0,0,0,0,0,0,0,0,0,0,0,0,0,0,0,0,0,0,0,0,0,0,0,0,0,0,0,0,0,0,0,0,0,0,0,0,0,0,0,0,0,0,0,0,0,0,0,0,0,0,0,0,0
2022-04-11 05:00:00,0,0,0,1,3,2,0,1,0,1,0,2,0,3,7,6,7,1,5,6,3,6,5,6,4,3,4,0,5,8,9,14,13,7,10,8,9,9,9,8,7,5,6,5,1,3,2,2,1,2,5,3,2,0,3,2,1,0,1,2,4,7,9,8,8,9,8,9,0,7,5,0,0,0,0,0,0,0,0,0,0,0,0,0,0,0,0,0,0,0,0,0,0,0,0,0,0
2022-04-11 06:00:00,0,0,0,2,6,1,2,0,1,0,0,1,0,3,2,2,3,3,4,1,0,4,4,4,0,0,3,3,3,8,12,14,13,5,3,6,9,11,12,8,8,7,7,6,3,3,2,1,0,1,3,4,0,3,0,0,3,0,2,2,7,11,13,12,6,6,9,18,19,10,8,0,10,8,9,8,3,3,2,3,1,2,1,2,4,5,0,1,0,0,0,0,1,0,0,0,0
2022-04-11 07:00:00,0,0,0,4,7,13,11,8,6,4,2,4,5,5,14,15,16,18,15,16,15,8,5,5,7,6,4,5,6,15,24,34,29,11,12,14,15,29,35,23,23,20,23,19,9,6,5,2,1,8,10,9,5,8,8,6,5,5,5,3,17,38,51,38,13,17,24,32,35,41,40,37,34,35,23,26,23,21,5,20,19,13,4,7,8,8,7,5,4,3,0,2,1,2,0,0,0
2022-04-11 08:00:00,0,0,0,4,10,18,17,12,15,9,7,4,10,9,14,15,21,20,18,14,13,12,12,13,14,9,12,14,14,22,23,31,26,22,23,22,23,40,40,26,23,21,22,19,17,14,9,5,1,17,14,13,11,9,9,8,7,6,8,7,11,28,32,24,18,19,26,29,32,23,27,27,25,24,24,19,22,19,17,15,13,8,4,4,0,3,2,1,6,2,2,2,0,0,0,0,0
2022-04-11 09:00:00,0,0,1,2,4,4,5,3,3,2,2,2,1,4,7,6,10,12,8,4,5,7,8,8,9,10,8,9,9,9,14,20,19,11,13,18,14,20,21,18,16,12,12,11,9,7,5,3,2,5,5,4,4,6,8,7,6,6,9,6,18,24,25,19,14,20,21,22,23,16,19,19,17,17,18,15,13,10,8,6,4,5,4,3,4,3,2,2,3,1,2,0,2,0,1,0,0
2022-04-11 10:00:00,1,0,1,2,3,3,4,2,0,3,1,3,4,5,10,9,10,11,8,8,8,9,8,9,8,10,10,6,9,9,8,10,0,14,14,14,14,17,15,15,14,8,7,7,3,5,5,2,1,3,4,3,4,5,8,8,9,0,11,9,12,15,16,15,9,8,10,11,10,11,6,10,8,8,9,5,4,4,5,4,3,2,3,3,4,0,3,0,0,3,1,1,0,0,0,0,0
2022-04-11 11:00:00,1,0,0,0,1,2,1,2,1,2,1,2,2,4,7,7,7,8,7,10,10,11,15,15,7,14,12,9,9,11,12,8,11,10,8,12,11,11,9,7,5,3,3,0,2,3,4,4,1,9,8,8,6,6,8,10,9,7,7,4,5,7,11,12,7,5,9,9,10,9,9,5,6,7,5,9,7,7,5,6,1,2,1,3,5,2,0,1,0,3,2,1,0,0,0,0,0
2022-04-11 12:00:00,0,0,1,2,3,5,3,6,4,5,2,0,3,5,5,9,11,12,10,12,13,12,12,14,12,8,9,6,11,12,12,9,9,15,16,14,15,18,18,19,17,15,16,14,13,14,11,8,4,2,5,6,7,0,8,10,12,14,13,16,18,16,20,8,13,11,15,14,15,16,14,13,14,11,7,6,6,5,5,4,3,4,3,3,7,5,8,0,9,8,4,3,1,1,0,0,0
2022-04-11 13:00:00,0,1,2,5,6,4,7,4,4,2,0,3,0,5,9,10,12,13,15,14,11,14,15,13,17,12,9,0,10,11,13,12,10,11,9,13,18,21,20,15,11,9,8,5,4,3,12,7,1,8,9,6,0,5,0,3,6,5,6,3,7,10,9,10,12,12,13,14,12,10,11,9,12,10,13,12,9,11,6,5,3,0,0,2,0,1,5,0,5,4,3,2,0,0,0,0,0
2022-04-11 14:00:00,0,1,2,0,4,3,5,6,3,4,3,4,2,4,7,8,9,5,6,9,11,10,12,14,15,13,18,15,15,14,17,18,17,11,10,11,12,11,11,6,0,6,8,6,7,7,5,2,0,7,11,12,15,11,17,7,7,7,8,11,14,15,15,14,15,14,11,10,10,10,12,14,10,12,12,5,11,10,9,10,7,5,3,4,3,2,0,0,0,1,0,0,1,0,1,0,0
2022-04-11 15:00:00,0,0,1,3,4,5,6,6,4,4,5,0,24,31,32,33,33,31,27,26,27,36,32,34,36,30,27,25,23,17,21,20,0,20,19,16,14,11,9,8,7,7,5,6,7,5,3,1,2,6,7,8,7,9,8,19,19,17,22,19,17,17,21,12,14,13,17,16,17,20,20,18,13,12,12,10,10,11,7,7,4,3,3,4,3,3,0,0,2,3,0,0,1,1,0,0,0
2022-04-11 16:00:00,1,5,0,2,5,4,3,3,1,2,3,2,5,10,12,10,15,17,14,17,18,18,16,22,21,16,18,17,10,13,14,16,13,17,12,14,15,11,10,9,7,5,3,2,1,2,2,1,0,5,6,8,9,0,11,11,14,16,27,20,22,24,23,20,19,21,20,21,21,18,21,19,19,18,17,14,14,13,10,7,6,5,10,9,10,7,2,5,5,3,5,1,4,3,1,0,0
2022-04-11 17:00:00,0,1,6,7,8,10,11,7,5,6,2,6,6,6,7,10,12,7,14,20,20,20,20,25,25,22,22,12,16,11,13,10,12,16,15,14,10,7,9,5,6,7,8,3,2,5,4,2,3,18,24,24,23,24,23,25,24,26,31,27,17,19,13,12,11,11,16,14,15,15,14,14,12,12,12,13,8,5,4,6,5,3,4,4,4,4,4,3,4,8,7,4,2,0,0,0,0
2022-04-11 18:00:00,1,2,5,5,8,7,8,9,8,8,7,6,11,9,8,12,19,18,20,26,28,29,30,33,31,24,24,23,17,13,13,15,15,27,26,23,14,19,17,16,14,12,14,10,10,11,10,5,5,15,22,25,20,21,22,23,25,25,36,34,15,20,21,19,34,25,13,10,14,18,5,18,15,12,9,7,13,12,10,12,8,4,4,11,15,15,14,7,8,7,6,4,4,3,2,0,0
2022-04-11 19:00:00,0,0,0,2,3,4,0,3,2,6,6,3,8,8,9,9,17,17,16,24,26,27,26,27,25,22,21,20,19,19,17,15,13,30,29,26,17,10,8,8,8,9,8,7,5,4,5,2,0,7,8,8,7,0,13,16,19,18,23,33,24,25,23,21,44,35,12,11,9,14,11,13,10,13,15,17,19,18,17,16,11,4,2,4,2,3,2,2,4,4,5,3,1,0,0,0,0
2022-04-11 20:00:00,0,0,2,0,3,3,2,4,3,4,0,0,1,2,0,4,8,7,6,10,9,11,13,16,12,15,22,19,14,11,12,14,12,12,9,6,7,7,12,13,7,3,4,9,1,6,0,3,1,17,20,22,21,22,22,24,25,26,35,29,25,23,23,6,17,13,9,6,6,6,7,8,8,8,8,7,7,4,6,7,4,1,1,0,2,0,3,3,4,0,1,0,0,0,0,0,0
2022-04-11 21:00:00,0,0,0,0,0,0,0,1,0,4,1,0,2,3,11,13,16,17,19,22,20,12,17,18,17,15,11,10,8,5,5,0,0,7,6,5,5,3,6,6,5,4,7,5,5,4,0,0,0,6,11,9,7,12,10,8,10,9,18,14,12,12,11,12,17,18,7,6,5,4,4,3,7,0,6,4,8,7,4,6,5,5,3,3,3,1,4,2,2,0,3,1,0,0,0,0,0
2022-04-11 22:00:00,0,0,0,2,1,3,0,2,1,3,6,0,0,3,2,3,7,8,0,15,16,21,23,24,26,24,19,16,15,11,10,9,8,17,15,13,9,6,3,3,1,4,5,4,0,3,2,1,0,2,3,4,6,7,7,6,7,6,7,9,8,7,4,9,9,8,8,6,1,0,2,3,5,7,14,16,17,2,2,15,4,1,2,1,0,2,1,0,2,1,1,0,0,0,0,0,0
2022-04-11 23:00:00,0,0,0,0,0,0,0,0,1,0,0,0,0,0,2,0,0,0,0,3,6,4,4,5,0,0,4,0,4,4,3,1,0,0,0,0,2,2,2,0,0,3,5,4,2,1,1,0,2,9,5,2,5,0,0,0,8,8,11,3,10,11,11,0,18,15,9,7,5,6,4,7,6,4,5,5,5,3,1,5,2,2,0,1,0,0,0,0,1,0,0,0,0,0,0,0,0
2022-04-12 00:00:00,0,0,0,0,0,0,0,0,0,0,0,0,0,0,0,0,0,0,0,0,0,0,0,0,0,0,0,0,0,0,0,0,0,0,0,0,0,0,0,0,0,0,0,0,0,0,0,0,0,0,0,0,0,0,0,0,0,0,0,0,0,0,0,0,0,0,0,0,0,0,0,0,0,0,0,0,0,0,0,0,0,0,0,0,0,0,0,0,0,0,0,0,0,0,0,0,0
2022-04-12 01:00:00,0,0,0,0,0,0,0,0,0,0,0,0,0,0,0,0,0,0,0,0,0,0,0,0,0,0,0,0,0,0,0,0,0,0,0,0,0,0,0,0,0,0,0,0,0,0,0,0,0,0,0,0,0,0,0,0,0,0,0,0,0,0,0,0,0,0,0,0,0,0,0,0,0,0,0,0,0,0,0,0,0,0,0,0,0,0,0,0,0,0,0,0,0,0,0,0,0
2022-04-12 02:00:00,0,0,0,0,0,0,0,0,0,0,0,0,0,0,0,0,0,0,0,0,0,0,0,0,0,0,0,0,0,0,0,0,0,0,0,0,0,0,0,0,0,0,0,0,0,0,0,0,0,0,0,0,0,0,0,0,0,0,0,0,0,0,0,0,0,0,0,0,0,0,0,0,0,0,0,0,0,0,0,0,0,0,0,0,0,0,0,0,0,0,0,0,0,0,0,0,0
2022-04-12 03:00:00,0,0,0,0,0,0,0,0,0,0,0,0,0,0,0,0,0,0,0,0,0,0,0,0,0,0,0,0,0,0,0,0,0,0,0,0,0,0,0,0,0,0,0,0,0,0,0,0,0,0,0,0,0,0,0,0,0,0,0,0,0,0,0,0,0,0,0,0,0,0,0,0,0,0,0,0,0,0,0,0,0,0,0,0,0,0,0,0,0,0,0,0,0,0,0,0,0
2022-04-12 04:00:00,0,0,0,1,2,1,1,0,0,0,0,0,0,2,3,4,0,2,5,0,0,7,10,0,9,9,7,9,0,0,0,7,0,0,0,0,0,0,0,0,0,0,0,0,0,0,0,0,0,0,0,0,0,0,0,0,0,0,0,0,0,0,0,0,0,0,0,0,0,0,0,0,0,0,0,0,0,0,0,0,0,0,0,0,0,0,0,0,0,0,0,0,0,0,0,0,0
2022-04-12 05:00:00,0,0,0,1,3,2,0,0,1,0,0,0,1,5,6,4,7,2,7,6,7,4,8,8,6,6,5,0,5,4,8,6,7,4,6,4,7,12,8,4,11,10,4,9,8,4,3,1,2,1,2,0,0,1,2,0,0,0,0,3,4,3,5,0,4,5,7,8,0,7,6,0,0,0,0,0,0,0,0,0,0,0,0,0,0,0,0,0,0,0,0,0,0,0,0,0,0
2022-04-12 06:00:00,0,0,1,2,3,5,2,3,4,0,0,0,1,4,5,6,0,7,6,5,5,4,3,4,0,2,4,5,3,8,15,17,13,6,5,4,4,8,8,6,4,3,2,3,2,1,0,0,0,3,0,1,2,2,1,3,3,4,5,2,7,11,15,14,9,8,8,11,11,9,9,6,8,5,4,5,6,3,1,1,0,0,1,2,2,1,0,1,0,0,0,0,0,0,0,0,0
2022-04-12 07:00:00,0,0,0,2,6,8,10,8,7,5,5,5,4,7,12,9,10,12,15,10,16,10,10,7,0,7,6,5,4,18,20,24,20,11,14,17,19,27,29,19,14,0,4,9,8,7,5,3,0,4,3,1,3,2,1,2,2,0,4,5,16,20,24,21,14,16,27,34,33,32,36,33,26,26,22,28,21,18,27,26,25,19,6,5,5,7,6,5,3,1,0,3,4,3,1,0,0
2022-04-12 08:00:00,0,0,0,5,11,15,15,10,10,6,6,3,4,8,12,13,21,21,18,8,11,4,3,13,13,13,10,14,13,30,40,54,51,17,19,18,24,37,41,22,20,19,17,15,12,10,8,3,2,11,12,8,7,7,6,5,5,6,6,4,7,36,50,47,14,15,32,36,41,28,26,27,28,27,22,21,20,17,16,15,13,10,7,3,3,2,3,1,7,0,3,4,3,1,1,0,0
2022-04-12 09:00:00,1,2,1,2,6,8,8,4,2,3,0,3,0,7,9,6,8,7,7,4,4,6,2,7,6,5,6,5,7,11,14,24,23,14,18,18,21,26,21,20,17,13,12,11,10,9,7,5,2,8,8,5,5,4,3,4,4,4,7,2,6,12,15,14,8,11,17,19,18,13,12,11,10,17,12,14,11,7,7,6,4,5,1,4,4,2,2,1,5,0,2,1,3,0,0,0,0
2022-04-12 10:00:00,0,0,1,3,4,3,1,2,1,0,0,0,1,4,5,6,5,7,8,7,0,10,8,7,8,6,8,6,6,5,9,12,12,13,13,6,16,15,19,19,8,17,11,7,12,7,6,3,0,2,4,3,4,0,1,3,1,2,4,3,8,11,12,11,8,8,12,11,10,9,7,11,11,8,8,7,6,4,2,3,2,1,1,3,2,3,2,1,1,1,0,1,0,1,0,0,0
2022-04-12 11:00:00,0,0,0,0,1,1,0,0,1,1,2,0,0,1,4,6,9,0,5,10,12,13,10,8,11,12,12,6,9,10,13,5,11,9,6,4,5,4,5,4,3,5,6,5,5,4,2,1,1,6,7,6,6,0,5,5,7,7,9,1,11,10,7,10,10,10,9,9,11,7,6,7,7,7,7,7,5,7,5,3,2,3,2,4,3,1,4,2,2,1,0,0,1,0,0,0,0
2022-04-12 12:00:00,0,0,0,1,0,0,1,1,0,1,3,2,0,4,8,7,10,10,6,7,8,8,8,7,7,7,8,6,9,10,8,11,9,13,16,13,12,18,18,18,18,15,14,13,10,11,6,3,0,5,8,3,0,8,9,8,9,10,12,10,14,12,13,10,11,9,10,11,11,10,8,9,10,8,10,6,4,0,2,4,3,2,1,1,3,2,4,4,1,0,0,3,2,0,0,0,0
2022-04-12 13:00:00,0,0,0,2,4,4,3,4,1,0,0,1,0,2,7,8,3,11,9,13,12,14,14,15,14,16,13,0,10,7,8,0,7,6,7,6,9,9,9,6,4,3,6,5,4,0,2,0,0,7,5,0,8,6,7,7,7,9,12,13,9,13,9,10,9,11,12,14,17,20,20,21,21,18,14,13,11,9,8,4,3,0,3,4,0,3,5,4,6,0,5,2,0,0,1,0,0
2022-04-12 14:00:00,0,0,0,5,3,5,6,3,1,0,3,2,11,12,13,11,13,12,19,18,17,15,15,15,16,8,14,15,16,14,14,15,12,12,12,14,10,13,11,6,3,4,4,3,0,3,2,0,0,8,10,9,10,13,13,15,13,17,20,20,18,22,21,20,14,10,11,11,11,14,13,0,11,12,11,10,9,7,7,3,3,1,2,6,5,4,2,0,2,1,4,0,3,1,0,0,0
2022-04-12 15:00:00,0,0,0,1,2,3,5,4,1,2,0,3,2,5,6,16,12,13,12,16,16,28,25,25,21,14,20,18,11,12,15,16,15,16,11,9,7,5,10,7,6,5,3,6,5,4,2,0,0,3,4,10,11,12,12,12,13,14,19,16,18,19,25,26,17,15,9,8,7,7,7,3,6,6,7,8,6,5,0,3,4,3,4,3,3,4,3,2,3,1,0,0,0,0,0,0,0
2022-04-12 16:00:00,0,1,0,2,2,0,2,2,0,2,1,2,10,14,17,16,18,16,19,22,24,26,26,29,25,24,29,27,28,27,24,24,22,26,23,21,20,17,18,15,14,8,7,7,6,7,6,3,3,6,10,7,12,6,12,14,18,16,21,21,10,12,13,13,14,11,5,4,6,7,11,12,10,10,9,0,12,0,12,11,6,8,10,9,8,6,7,8,3,10,6,5,1,3,0,0,0
2022-04-12 17:00:00,1,1,3,6,6,4,5,4,5,6,3,0,8,10,11,13,17,20,19,17,17,22,24,24,25,23,21,22,21,17,18,19,20,15,17,14,11,17,19,11,10,8,10,4,8,7,6,3,2,8,12,14,17,19,20,19,15,14,24,23,22,25,26,26,43,32,18,15,12,8,11,12,12,9,8,6,10,7,8,6,3,4,5,6,4,6,6,4,5,0,4,1,0,0,0,0,0
2022-04-12 18:00:00,0,1,5,6,10,11,12,12,10,7,9,10,19,26,33,36,41,27,38,35,42,43,43,44,39,36,36,23,33,26,24,23,23,30,30,26,20,18,16,13,10,17,21,18,17,8,10,7,7,26,30,32,36,36,34,31,32,31,35,32,25,27,19,27,24,17,12,11,0,9,13,15,13,19,17,17,20,16,15,19,10,3,2,5,7,8,8,5,6,6,6,3,2,2,0,0,0
2022-04-12 19:00:00,0,1,0,2,0,0,5,5,4,5,6,5,5,4,4,7,9,5,10,18,16,19,20,22,19,29,23,22,21,18,13,10,9,29,32,24,16,14,13,8,5,4,4,3,0,2,3,2,0,10,13,0,9,12,14,11,19,9,22,19,13,11,10,9,25,22,16,13,13,15,15,16,14,12,10,9,8,7,7,6,6,3,5,3,2,3,0,3,6,0,4,3,2,0,0,0,0
2022-04-12 20:00:00,0,0,0,0,1,1,1,3,0,1,4,3,3,0,4,5,3,7,10,15,15,19,21,25,9,25,25,21,13,10,9,9,7,9,9,8,6,4,3,1,3,1,2,0,1,2,1,2,0,12,15,12,16,16,15,16,17,17,24,22,15,10,14,11,14,10,10,9,10,10,8,7,9,7,4,8,6,8,7,12,6,2,2,4,0,1,2,3,3,2,5,2,2,0,1,0,0
2022-04-12 21:00:00,0,0,0,1,0,2,1,1,2,3,2,1,3,4,8,4,4,5,7,10,10,3,13,15,12,11,14,13,10,11,8,8,1,12,9,7,4,2,2,1,0,0,2,1,0,0,0,0,0,3,9,10,10,8,7,9,12,15,22,19,10,12,13,8,13,10,9,9,4,10,10,9,6,7,10,12,12,3,11,11,5,4,2,0,1,0,4,2,0,5,2,3,2,0,1,0,0
2022-04-12 22:00:00,0,0,0,0,0,1,0,2,0,3,4,0,2,3,2,4,6,0,0,9,11,15,16,19,22,20,18,17,13,10,8,7,9,12,12,9,5,4,2,0,0,4,3,2,3,1,1,0,2,10,11,12,13,10,15,18,21,26,34,30,21,19,18,18,29,21,13,9,1,9,8,6,5,11,22,23,24,5,23,22,6,5,4,2,1,2,0,1,6,6,5,3,1,0,0,0,0
2022-04-12 23:00:00,0,0,0,0,0,0,0,0,0,3,0,4,0,0,2,0,4,0,1,7,0,9,10,12,4,11,12,12,13,11,10,8,0,9,10,9,5,6,4,0,1,7,6,4,3,3,2,0,3,8,7,7,8,0,8,0,7,10,11,9,8,6,6,0,12,12,8,5,6,5,3,4,5,5,4,3,6,5,0,4,4,1,3,0,1,0,0,2,2,1,0,0,0,0,0,0,0
2022-04-13 00:00:00,0,0,0,0,0,0,0,0,0,0,0,0,0,0,0,0,0,0,0,0,0,0,0,0,0,0,0,0,0,0,0,0,0,0,0,0,0,0,0,0,0,0,0,0,0,0,0,0,0,0,0,0,0,0,0,0,0,0,0,0,0,0,0,0,0,0,0,0,0,0,0,0,0,0,0,0,0,0,0,0,0,0,0,0,0,0,0,0,0,0,0,0,0,0,0,0,0
2022-04-13 01:00:00,0,0,0,0,0,0,0,0,0,0,0,0,0,0,0,0,0,0,0,0,0,0,0,0,0,0,0,0,0,0,0,0,0,0,0,0,0,0,0,0,0,0,0,0,0,0,0,0,0,0,0,0,0,0,0,0,0,0,0,0,0,0,0,0,0,0,0,0,0,0,0,0,0,0,0,0,0,0,0,0,0,0,0,0,0,0,0,0,0,0,0,0,0,0,0,0,0
2022-04-13 02:00:00,0,0,0,0,0,0,0,0,0,0,0,0,0,0,0,0,0,0,0,0,0,0,0,0,0,0,0,0,0,0,0,0,0,0,0,0,0,0,0,0,0,0,0,0,0,0,0,0,0,0,0,0,0,0,0,0,0,0,0,0,0,0,0,0,0,0,0,0,0,0,0,0,0,0,0,0,0,0,0,0,0,0,0,0,0,0,0,0,0,0,0,0,0,0,0,0,0
2022-04-13 03:00:00,0,0,0,0,0,0,0,0,0,0,0,0,0,0,0,0,0,0,0,0,0,0,0,0,0,0,0,0,0,0,0,0,0,0,0,0,0,0,0,0,0,0,0,0,0,0,0,0,0,0,0,0,0,0,0,0,0,0,0,0,0,0,0,0,0,0,0,0,0,0,0,0,0,0,0,0,0,0,0,0,0,0,0,0,0,0,0,0,0,0,0,0,0,0,0,0,0
2022-04-13 04:00:00,0,0,0,1,2,2,3,2,0,0,0,0,0,3,5,6,7,6,5,5,6,8,9,0,9,9,8,9,8,9,10,0,0,0,0,0,0,0,0,0,0,0,0,0,0,0,0,0,0,0,0,0,0,0,0,0,0,0,0,0,0,0,0,0,0,0,0,0,0,0,0,0,0,0,0,0,0,0,0,0,0,0,0,0,0,0,0,0,0,0,0,0,0,0,0,0,0
2022-04-13 05:00:00,0,0,0,1,2,2,0,0,0,0,0,1,1,2,5,2,6,4,7,8,7,10,10,10,8,7,5,4,4,6,7,13,11,9,8,8,6,10,12,10,9,8,6,7,6,5,5,2,1,1,3,4,2,2,0,3,1,0,0,0,0,1,4,3,5,6,10,12,10,10,9,0,0,0,0,0,0,0,0,0,0,0,0,0,0,0,0,0,0,0,0,0,0,0,0,0,0
2022-04-13 06:00:00,1,0,0,3,5,0,4,2,3,4,3,2,0,4,5,2,3,2,2,5,4,3,0,2,0,1,3,5,5,11,13,21,16,7,8,9,9,16,11,3,2,0,4,5,4,5,4,2,0,2,2,3,2,1,3,2,3,0,4,1,9,18,23,22,8,9,10,8,9,7,8,8,0,7,10,13,10,6,3,1,0,0,1,2,0,1,2,0,1,0,0,0,0,1,0,0,0
2022-04-13 07:00:00,0,0,0,4,1,12,14,9,7,6,3,4,5,10,12,8,14,13,19,19,18,14,14,5,5,3,4,6,9,15,20,27,23,10,12,14,17,31,27,20,18,20,19,17,16,16,13,4,1,1,2,0,4,3,5,2,1,0,2,1,11,20,30,27,10,12,27,35,36,37,21,35,31,32,24,25,23,11,22,26,23,13,5,5,6,4,1,0,4,0,4,0,2,1,0,0,0
2022-04-13 08:00:00,0,1,0,6,8,11,15,10,11,7,5,3,4,16,22,17,18,17,15,10,9,9,7,15,12,6,6,7,7,27,36,47,39,23,27,22,28,40,42,31,30,31,30,27,23,18,15,6,1,23,26,23,19,16,11,13,12,13,9,10,22,34,37,30,19,19,26,24,23,21,24,23,21,21,20,20,18,9,5,4,8,7,5,2,4,5,4,6,16,5,5,5,1,0,4,1,0
2022-04-13 09:00:00,0,0,1,1,3,2,4,2,1,0,0,1,0,4,7,5,1,3,5,5,6,9,5,10,7,6,7,7,6,18,24,29,21,14,14,18,17,25,22,15,16,13,16,13,12,10,8,4,2,9,6,6,6,4,5,3,4,3,5,4,11,17,18,16,12,12,15,16,15,16,16,16,16,15,14,13,17,10,7,6,4,3,1,5,3,0,4,2,3,1,1,0,3,0,2,0,0
2022-04-13 10:00:00,0,0,0,3,5,5,2,3,2,0,1,0,2,4,6,4,2,0,0,3,4,3,0,7,4,4,3,4,6,5,5,5,0,5,4,1,5,8,11,5,8,3,5,0,6,6,4,1,0,2,0,4,3,4,3,4,5,4,3,3,11,17,19,16,13,13,12,12,11,11,8,13,13,13,8,13,11,7,2,4,5,3,2,3,0,0,0,2,2,0,2,1,0,0,0,0,0
2022-04-13 11:00:00,0,0,0,1,0,1,0,1,2,3,2,2,3,5,10,12,16,6,14,9,13,11,12,12,11,11,10,11,10,11,13,14,13,9,0,7,2,4,5,4,6,7,8,2,3,5,4,1,0,8,10,7,7,7,10,9,9,3,8,5,7,7,8,6,9,4,14,15,16,11,10,12,11,10,8,7,5,4,3,1,2,4,0,1,3,3,2,0,1,0,1,0,0,0,0,0,0
2022-04-13 12:00:00,0,1,2,2,4,5,3,3,1,0,0,0,2,3,8,7,7,7,7,10,9,11,12,13,12,14,8,6,9,8,13,12,11,11,14,16,11,13,11,8,6,5,7,8,7,6,4,1,0,7,3,1,4,4,9,9,8,7,9,8,10,11,12,10,11,11,10,9,10,8,8,0,7,7,7,8,10,10,9,4,3,3,2,2,3,2,5,2,7,6,3,3,2,0,0,0,0
2022-04-13 13:00:00,0,1,0,1,2,0,2,2,3,1,0,2,2,1,1,2,3,6,0,7,9,9,8,9,7,10,11,0,12,14,16,15,0,12,9,9,9,6,6,5,5,5,6,5,4,6,1,3,0,1,2,2,0,3,4,6,8,9,9,3,6,9,10,9,11,9,9,6,8,14,14,10,9,10,11,10,9,9,8,6,6,2,4,5,4,6,5,2,2,0,1,0,1,0,0,0,0
2022-04-13 14:00:00,0,0,0,0,1,3,2,2,1,0,1,2,4,16,19,3,21,22,21,11,13,12,8,10,10,9,10,9,8,9,9,9,10,11,13,9,10,11,13,9,6,5,5,0,5,4,1,3,0,5,6,7,1,0,6,6,7,8,12,13,12,13,17,10,11,9,8,8,7,4,5,4,5,7,6,7,3,5,4,4,5,6,12,13,9,4,2,0,1,3,0,0,2,0,1,0,0
2022-04-13 15:00:00,0,0,0,0,2,3,5,4,6,4,6,7,26,29,31,32,35,36,31,31,31,36,31,34,35,33,25,25,22,18,17,15,14,12,11,10,8,7,7,7,4,6,7,1,5,4,0,1,0,3,5,3,4,4,7,6,9,10,12,9,8,11,9,11,18,14,10,12,14,11,10,11,11,13,12,9,12,8,7,8,5,6,9,8,2,10,9,8,13,12,12,6,3,1,0,0,0
2022-04-13 16:00:00,0,1,0,3,4,4,6,5,4,5,7,5,11,14,15,14,15,17,19,28,31,40,37,40,41,34,31,29,24,19,15,14,13,15,13,11,10,5,7,6,7,6,8,13,8,11,9,7,3,10,14,12,14,14,14,15,21,21,19,17,17,16,17,17,17,17,14,14,12,10,11,10,9,14,13,9,11,9,10,9,9,10,7,7,6,7,3,5,4,5,4,5,4,1,2,0,0
2022-04-13 17:00:00,1,2,3,2,3,3,4,5,3,5,7,5,5,12,23,21,27,31,34,30,33,36,16,14,15,13,15,14,11,12,13,16,16,30,22,19,14,10,14,14,13,5,7,5,7,4,3,2,1,10,14,13,14,14,11,11,10,10,9,10,15,17,18,18,15,14,8,9,11,10,13,14,11,14,8,4,7,8,0,7,9,8,4,5,4,4,4,4,6,5,4,3,1,0,0,0,0
2022-04-13 18:00:00,1,2,3,4,6,9,11,10,7,6,6,6,12,14,17,21,28,28,27,23,25,26,41,43,42,33,33,30,27,20,18,17,16,33,32,27,18,17,18,10,8,10,10,11,12,14,15,10,11,15,22,24,27,27,27,25,26,22,37,35,23,22,21,21,33,29,15,16,7,20,19,8,17,16,14,8,8,7,6,5,1,0,1,6,9,5,4,2,6,4,4,3,1,0,0,0,0
2022-04-13 19:00:00,0,0,1,6,2,9,8,4,4,4,0,5,6,5,6,6,17,18,19,22,20,24,24,27,12,20,25,24,22,22,19,14,12,21,21,17,12,5,4,6,7,8,10,8,7,2,1,0,1,10,15,14,8,14,13,12,13,12,23,23,16,19,18,16,23,23,14,10,10,10,11,10,7,9,10,9,6,6,3,5,1,1,0,0,0,3,2,0,7,2,5,2,1,0,0,0,0
2022-04-13 20:00:00,0,0,0,0,0,2,3,4,2,7,7,1,6,1,3,2,2,0,7,6,11,13,12,13,12,11,12,8,7,8,6,0,4,13,12,11,7,5,5,5,3,5,6,4,3,2,0,0,0,7,8,8,6,9,11,10,13,14,17,16,10,8,9,7,14,12,8,7,6,4,5,0,6,10,10,10,6,4,1,6,3,2,1,0,0,1,0,0,0,0,2,1,0,0,0,0,0
2022-04-13 21:00:00,0,0,0,0,1,1,2,2,1,6,0,6,5,4,8,10,17,19,9,28,26,23,23,24,23,20,20,16,13,10,9,8,7,5,4,2,1,4,6,5,4,3,3,2,5,3,1,0,1,13,15,13,15,16,6,17,22,23,21,19,13,14,13,11,16,12,7,5,4,2,5,6,7,4,6,7,10,10,9,5,4,1,0,0,0,2,3,5,2,4,4,3,2,1,1,0,0
2022-04-13 22:00:00,0,0,1,0,0,0,0,1,3,5,4,0,0,2,4,0,2,0,3,4,3,6,18,22,24,19,18,2,14,13,12,8,7,7,9,5,5,2,3,2,4,2,3,0,2,1,2,1,0,13,15,14,15,15,14,17,17,14,21,16,17,16,15,14,20,11,6,6,3,5,4,5,7,10,10,12,16,15,6,15,6,4,2,1,0,0,0,0,4,5,4,2,1,1,0,0,0
2022-04-13 23:00:00,0,0,0,0,0,0,0,0,0,5,4,0,0,0,4,5,6,0,0,8,0,8,0,10,0,9,10,8,7,6,5,6,5,8,7,5,4,0,2,1,0,0,2,2,3,2,0,1,1,4,5,5,8,9,8,7,5,7,10,7,6,5,2,4,13,11,6,5,4,5,2,1,4,2,4,4,5,2,1,4,2,1,0,0,0,1,0,0,2,3,1,1,0,0,0,0,0
2022-04-14 00:00:00,0,0,0,0,0,0,0,0,0,0,0,0,0,0,0,0,0,0,0,0,0,0,0,0,0,0,0,0,0,0,0,0,0,0,0,0,0,0,0,0,0,0,0,0,0,0,0,0,0,0,0,0,0,0,0,0,0,0,0,0,0,0,0,0,0,0,0,0,0,0,0,0,0,0,0,0,0,0,0,0,0,0,0,0,0,0,0,0,0,0,0,0,0,0,0,0,0
2022-04-14 01:00:00,0,0,0,0,0,0,0,0,0,0,0,0,0,0,0,0,0,0,0,0,0,0,0,0,0,0,0,0,0,0,0,0,0,0,0,0,0,0,0,0,0,0,0,0,0,0,0,0,0,0,0,0,0,0,0,0,0,0,0,0,0,0,0,0,0,0,0,0,0,0,0,0,0,0,0,0,0,0,0,0,0,0,0,0,0,0,0,0,0,0,0,0,0,0,0,0,0
2022-04-14 02:00:00,0,0,0,0,0,0,0,0,0,0,0,0,0,0,0,0,0,0,0,0,0,0,0,0,0,0,0,0,0,0,0,0,0,0,0,0,0,0,0,0,0,0,0,0,0,0,0,0,0,0,0,0,0,0,0,0,0,0,0,0,0,0,0,0,0,0,0,0,0,0,0,0,0,0,0,0,0,0,0,0,0,0,0,0,0,0,0,0,0,0,0,0,0,0,0,0,0
2022-04-14 03:00:00,0,0,0,0,0,0,0,0,0,0,0,0,0,0,0,0,0,0,0,0,0,0,0,0,0,0,0,0,0,0,0,0,0,0,0,0,0,0,0,0,0,0,0,0,0,0,0,0,0,0,0,0,0,0,0,0,0,0,0,0,0,0,0,0,0,0,0,0,0,0,0,0,0,0,0,0,0,0,0,0,0,0,0,0,0,0,0,0,0,0,0,0,0,0,0,0,0
2022-04-14 04:00:00,0,0,0,1,4,1,3,3,0,0,2,1,0,2,3,4,6,5,5,4,5,7,9,8,7,6,5,6,0,0,0,5,0,0,0,0,0,0,0,0,0,0,0,0,0,0,0,0,0,0,0,0,0,0,0,0,0,0,0,0,0,0,0,0,0,0,0,0,0,0,0,0,0,0,0,0,0,0,0,0,0,0,0,0,0,0,0,0,0,0,0,0,0,0,0,0,0
2022-04-14 05:00:00,0,0,0,1,3,1,0,2,0,0,0,1,2,3,2,0,4,0,5,4,5,5,4,5,3,3,0,0,4,6,8,13,11,8,7,5,9,12,11,8,6,5,6,5,4,3,2,1,2,3,5,0,0,0,7,0,8,7,0,7,8,4,7,6,3,0,0,0,0,4,3,0,0,0,0,0,0,0,0,0,0,0,0,0,0,0,0,0,0,0,0,0,0,0,0,0,0
2022-04-14 06:00:00,0,0,0,2,0,1,1,0,1,0,0,0,0,2,3,3,3,2,0,2,0,1,3,4,6,0,5,2,6,12,18,16,12,9,9,6,4,12,10,8,9,4,9,7,4,6,4,2,1,3,0,4,0,5,3,0,4,0,5,2,11,17,19,7,6,7,6,6,7,9,11,7,6,10,11,5,10,3,2,2,1,0,2,3,1,2,1,2,1,0,1,0,2,1,0,0,0
2022-04-14 07:00:00,0,1,2,4,6,10,9,8,6,3,4,4,5,5,11,10,10,10,11,10,6,7,8,10,0,7,6,7,6,14,17,19,14,7,10,13,14,28,26,12,12,0,14,10,7,4,5,2,1,3,4,5,4,1,1,2,0,1,2,4,13,26,31,25,11,12,19,23,22,23,7,20,22,23,20,20,23,22,21,21,24,16,6,7,7,6,4,3,2,0,6,8,5,3,2,0,0
2022-04-14 08:00:00,0,1,0,4,7,13,17,10,10,7,5,3,4,14,19,12,16,17,19,13,10,12,12,13,13,12,13,13,13,25,38,50,41,17,20,23,27,38,50,32,32,32,30,29,22,18,15,8,3,23,23,20,16,8,10,7,4,3,6,3,9,16,19,19,6,10,24,26,30,19,22,20,19,21,21,22,19,16,15,12,10,10,8,4,5,3,4,3,11,4,4,3,2,2,0,1,0
2022-04-14 09:00:00,0,0,1,2,7,6,6,5,2,0,0,1,1,4,5,4,5,3,5,4,4,8,10,6,4,6,7,6,6,10,13,18,15,12,15,15,21,21,24,19,14,18,20,20,16,16,10,5,3,2,2,0,1,0,0,0,0,1,3,2,7,9,11,11,12,12,17,20,23,25,23,25,21,24,25,24,24,21,15,8,6,6,5,5,4,2,2,0,7,0,0,0,0,0,0,0,0
2022-04-14 10:00:00,0,0,0,1,3,2,1,0,0,2,1,0,3,6,7,6,3,0,1,2,3,2,4,11,12,11,14,3,12,12,9,8,9,6,7,10,5,10,12,11,8,9,10,10,7,5,2,3,0,3,3,3,2,0,2,0,2,1,3,4,5,7,5,7,7,9,13,19,10,17,14,12,11,10,9,8,5,4,3,5,4,2,1,2,2,0,3,1,2,1,1,0,0,0,0,0,0
2022-04-14 11:00:00,0,0,0,1,4,4,0,3,0,1,0,2,3,3,5,8,11,0,10,11,13,2,12,6,6,10,12,0,9,9,9,10,7,6,7,6,7,7,12,8,9,7,8,6,5,4,3,1,0,0,1,0,0,0,0,4,3,2,3,2,5,3,4,3,5,7,13,10,11,14,12,14,11,7,8,7,5,2,1,4,3,2,1,3,1,3,2,2,1,0,1,0,0,2,0,0,0
2022-04-14 12:00:00,0,0,1,2,3,4,6,3,1,1,0,0,0,3,4,5,9,10,10,17,17,6,17,16,15,14,14,15,13,10,9,8,6,7,5,5,5,10,10,5,6,4,3,2,2,0,0,0,0,2,7,3,6,0,5,4,2,2,6,5,5,7,6,0,8,8,10,13,15,12,11,10,9,9,8,7,9,9,8,1,3,2,2,2,5,0,3,2,3,2,0,0,0,0,0,0,0
2022-04-14 13:00:00,0,0,2,0,3,4,5,3,4,3,0,2,3,2,2,4,9,10,3,6,6,6,7,8,7,9,8,9,8,11,13,13,12,14,12,13,12,11,9,7,5,8,6,5,4,4,0,0,0,7,8,7,8,0,8,12,0,4,5,3,4,6,8,7,9,10,15,14,14,13,15,13,14,9,8,7,5,0,4,1,4,0,3,3,4,3,3,0,2,0,1,1,0,0,0,0,0
2022-04-14 14:00:00,1,0,1,4,3,2,3,6,6,5,4,3,4,5,9,7,9,12,9,16,17,17,15,15,14,14,13,14,12,12,12,18,0,16,19,19,18,19,13,10,12,11,11,4,13,13,0,2,3,6,7,8,8,7,0,0,11,11,15,12,12,13,12,11,11,11,11,13,14,14,13,13,10,13,12,10,8,7,6,5,4,2,0,3,2,4,3,2,0,0,0,1,0,0,0,0,0
2022-04-14 15:00:00,0,1,1,3,4,4,1,2,2,1,4,0,2,7,10,11,16,17,15,20,22,24,26,28,26,25,21,19,16,15,13,9,12,13,9,15,11,12,9,9,8,9,8,7,4,4,12,6,4,10,14,13,11,12,15,15,13,12,17,15,12,19,21,19,19,18,12,11,14,14,15,13,11,12,10,7,8,7,5,8,6,8,7,6,5,3,2,0,2,3,3,2,2,2,1,1,0
2022-04-14 16:00:00,0,2,2,4,3,0,0,5,6,4,0,5,9,16,15,15,16,19,19,20,18,17,16,17,15,14,16,13,16,14,13,13,12,20,15,15,15,16,10,8,6,4,3,3,2,1,0,0,0,8,9,10,11,10,10,12,15,13,17,17,17,16,17,14,17,15,8,8,9,8,7,8,7,14,14,13,11,5,6,4,5,5,5,5,6,5,6,5,5,4,3,2,2,0,0,0,0
2022-04-14 17:00:00,1,1,3,3,5,7,7,5,3,2,4,4,8,10,14,14,15,0,13,10,11,16,13,12,15,15,15,16,12,11,7,12,10,11,20,17,12,14,13,14,16,14,18,14,12,10,9,4,6,15,19,20,11,21,23,14,19,21,25,21,19,19,20,18,17,14,16,12,13,14,16,12,14,11,10,6,16,14,12,12,8,7,7,8,9,11,6,3,3,2,3,0,2,0,0,0,0
2022-04-14 18:00:00,1,3,8,9,10,11,10,12,9,9,6,7,8,12,15,21,29,30,34,34,34,37,37,39,35,34,35,32,29,23,20,18,17,21,20,15,9,6,8,8,11,13,14,12,18,15,15,4,2,8,12,10,17,21,26,28,29,28,39,35,20,20,19,18,46,33,14,12,14,14,15,15,14,19,18,13,10,11,11,13,8,8,7,11,9,12,9,7,7,3,8,2,1,1,0,0,0
2022-04-14 19:00:00,0,1,2,0,1,1,2,2,2,2,1,0,1,4,8,12,19,18,19,24,27,28,27,28,11,24,23,20,14,16,17,10,8,27,24,22,14,14,12,11,10,9,9,7,6,3,1,5,3,10,8,9,9,12,13,15,16,14,26,21,13,11,11,11,37,31,9,6,0,3,13,15,12,13,13,12,10,9,7,5,2,1,1,2,2,1,1,1,2,0,2,3,2,0,0,0,0
2022-04-14 20:00:00,0,0,2,1,0,3,2,4,6,2,0,0,2,3,5,6,5,0,7,13,7,11,10,9,6,8,8,7,6,6,6,0,7,6,7,6,5,5,5,0,4,5,2,1,3,4,2,0,3,22,13,24,25,24,28,29,38,40,43,35,22,19,18,18,22,18,8,3,0,9,10,10,4,5,11,10,9,7,5,5,2,1,0,1,2,5,4,3,4,0,3,2,0,0,0,0,0
2022-04-14 21:00:00,0,0,0,2,1,0,1,2,0,2,3,1,2,1,3,3,9,3,10,17,21,24,21,20,19,15,15,12,11,9,5,10,8,14,14,13,9,6,5,6,4,6,9,3,0,3,1,1,0,12,19,0,17,17,15,16,19,19,21,20,19,18,18,15,25,13,6,5,2,4,5,2,3,5,4,5,14,3,1,8,5,1,2,0,1,3,2,0,5,1,4,3,2,0,0,0,0
2022-04-14 22:00:00,0,0,1,0,0,1,0,2,1,3,5,0,4,3,3,4,6,0,6,14,15,18,19,20,15,18,15,13,11,9,9,4,8,13,12,11,9,4,3,2,2,1,0,6,7,6,2,0,1,15,17,14,16,20,20,18,18,17,27,23,13,14,13,9,12,10,8,6,4,8,9,8,4,4,7,7,6,13,12,14,6,5,4,3,0,2,2,3,4,4,2,1,0,0,0,0,0
2022-04-14 23:00:00,0,0,0,0,0,0,0,1,0,4,0,0,0,6,5,3,5,0,4,9,12,13,12,9,7,6,7,5,6,5,3,0,2,8,9,6,3,1,3,2,1,2,3,1,0,0,1,0,0,6,8,3,7,8,8,9,12,8,11,22,17,15,14,14,25,19,9,10,9,8,5,5,7,2,6,6,8,7,4,8,4,2,0,1,0,0,0,1,4,0,2,1,0,0,0,0,0
2022-04-15 00:00:00,0,0,0,0,0,0,0,0,0,0,0,0,0,0,0,0,0,0,0,0,0,0,0,0,0,0,0,0,0,0,0,0,0,0,0,0,0,0,0,0,0,0,0,0,0,0,0,0,0,0,0,0,0,0,0,0,0,0,0,0,0,0,0,0,0,0,0,0,0,0,0,0,0,0,0,0,0,0,0,0,0,0,0,0,0,0,0,0,0,0,0,0,0,0,0,0,0
2022-04-15 01:00:00,0,0,0,0,0,0,0,0,0,0,0,0,0,0,0,0,0,0,0,0,0,0,0,0,0,0,0,0,0,0,0,0,0,0,0,0,0,0,0,0,0,0,0,0,0,0,0,0,0,0,0,0,0,0,0,0,0,0,0,0,0,0,0,0,0,0,0,0,0,0,0,0,0,0,0,0,0,0,0,0,0,0,0,0,0,0,0,0,0,0,0,0,0,0,0,0,0
2022-04-15 02:00:00,0,0,0,0,0,0,0,0,0,0,0,0,0,0,0,0,0,0,0,0,0,0,0,0,0,0,0,0,0,0,0,0,0,0,0,0,0,0,0,0,0,0,0,0,0,0,0,0,0,0,0,0,0,0,0,0,0,0,0,0,0,0,0,0,0,0,0,0,0,0,0,0,0,0,0,0,0,0,0,0,0,0,0,0,0,0,0,0,0,0,0,0,0,0,0,0,0
2022-04-15 03:00:00,0,0,0,0,0,0,0,0,0,0,0,0,0,0,0,0,0,0,0,0,0,0,0,0,0,0,0,0,0,0,0,0,0,0,0,0,0,0,0,0,0,0,0,0,0,0,0,0,0,0,0,0,0,0,0,0,0,0,0,0,0,0,0,0,0,0,0,0,0,0,0,0,0,0,0,0,0,0,0,0,0,0,0,0,0,0,0,0,0,0,0,0,0,0,0,0,0
2022-04-15 04:00:00,0,0,0,1,2,2,2,3,2,0,3,2,0,3,6,6,7,0,8,8,2,9,10,9,10,8,6,7,6,0,0,4,0,5,0,0,0,0,0,0,0,0,0,0,0,0,0,0,0,0,0,0,0,0,0,0,0,0,0,0,0,0,0,0,0,0,0,0,0,0,0,0,0,0,0,0,0,0,0,0,0,0,0,0,0,0,0,0,0,0,0,0,0,0,0,0,0
2022-04-15 05:00:00,0,0,0,1,1,1,0,0,0,1,0,3,4,5,6,5,7,8,8,7,5,8,6,7,6,5,7,6,5,6,8,10,9,5,7,6,7,9,10,8,9,8,0,6,2,5,0,2,0,1,4,0,5,0,0,4,0,5,0,5,7,0,8,0,4,0,8,0,0,9,9,0,0,0,0,0,0,0,0,0,0,0,0,0,0,0,0,0,0,0,0,0,0,0,0,0,0
2022-04-15 06:00:00,0,0,0,2,3,0,3,2,1,0,0,0,0,2,2,1,2,3,4,0,0,2,0,3,3,0,1,2,3,5,5,4,2,4,3,4,5,12,11,4,2,3,0,3,2,2,2,1,0,2,2,3,2,0,3,2,2,3,2,1,7,12,14,14,5,7,4,6,0,9,12,12,11,10,9,9,7,6,6,1,4,2,1,0,0,0,2,0,0,0,1,0,1,0,0,0,0
2022-04-15 07:00:00,0,1,2,5,5,9,10,7,6,4,5,4,5,8,12,10,11,13,13,13,12,8,6,10,0,12,11,5,7,32,39,46,34,16,19,25,25,36,41,21,17,18,12,16,14,12,8,3,0,5,3,1,5,6,6,4,3,0,2,2,15,27,36,28,13,12,25,27,27,33,34,32,28,34,32,30,28,20,19,20,20,15,7,7,4,4,1,2,3,1,0,1,0,1,0,0,0
2022-04-15 08:00:00,0,0,0,5,9,12,11,8,15,8,9,3,7,11,14,11,13,11,14,12,7,13,10,9,9,8,9,12,14,18,29,41,29,26,27,26,29,35,41,30,26,27,27,26,20,17,14,7,1,16,18,14,14,12,11,8,9,8,15,9,15,20,25,22,12,11,17,21,22,23,27,30,28,30,33,28,33,25,13,8,7,7,4,3,4,2,1,0,2,1,2,0,1,0,0,0,0
2022-04-15 09:00:00,0,0,0,2,4,7,6,7,3,1,0,0,3,7,10,9,9,0,9,6,5,8,8,11,6,10,11,9,14,16,20,23,18,15,18,15,18,24,24,19,18,17,18,17,11,9,5,3,3,9,9,5,7,6,7,4,3,0,6,6,8,15,16,14,10,13,13,14,17,16,17,18,16,15,16,15,14,11,9,5,6,4,1,5,6,6,5,3,4,2,0,0,1,0,0,0,0
2022-04-15 10:00:00,0,1,0,2,3,5,0,2,0,1,0,1,3,4,5,4,4,3,2,5,9,10,10,10,10,3,10,0,8,8,0,0,0,5,13,15,14,16,15,14,10,4,5,0,9,9,8,4,2,5,4,5,6,0,4,2,0,4,5,6,9,10,12,11,12,9,12,7,14,15,19,20,18,15,15,10,3,4,0,4,3,2,2,3,3,2,0,0,1,0,1,0,0,0,0,0,0
2022-04-15 11:00:00,0,0,0,1,5,6,0,3,2,3,0,4,3,6,8,7,3,9,8,12,13,13,11,12,13,15,17,8,15,12,10,11,10,8,8,8,8,5,7,3,4,0,5,0,3,4,4,2,1,5,9,0,6,8,11,7,12,13,13,8,13,18,18,17,15,10,8,8,9,9,9,10,8,8,6,4,5,2,0,2,1,1,1,0,2,3,1,2,2,0,0,1,2,0,1,0,0
2022-04-15 12:00:00,0,0,0,1,2,2,1,1,0,0,1,2,3,3,3,4,6,6,5,8,11,12,11,11,10,10,14,16,15,10,10,11,11,9,6,9,9,11,14,14,11,9,9,1,8,7,6,3,1,4,7,6,6,6,5,4,5,6,8,8,9,11,10,10,11,8,11,10,10,11,15,14,14,12,10,5,6,5,0,4,2,1,3,7,3,6,5,4,4,3,3,2,0,0,1,0,0
2022-04-15 13:00:00,0,0,0,2,3,2,3,2,3,3,3,1,2,6,8,6,11,2,10,9,13,14,11,9,10,8,9,8,14,19,20,22,17,12,12,15,16,19,19,17,12,11,12,9,8,10,7,3,3,8,9,10,11,6,5,7,7,8,9,6,12,6,13,12,12,12,10,12,11,15,17,15,14,13,9,7,10,4,8,5,4,3,4,6,0,1,0,3,0,2,1,0,0,2,0,0,0
2022-04-15 14:00:00,0,0,0,0,2,4,0,4,3,2,7,8,8,9,10,11,12,11,11,13,14,8,12,13,13,14,13,11,12,9,11,6,4,13,14,14,14,15,13,9,7,7,8,7,6,6,5,4,2,5,11,11,13,15,18,15,13,14,19,20,20,12,11,9,16,17,15,16,16,0,18,19,13,12,9,8,6,5,0,4,3,3,4,0,2,3,0,1,4,0,4,3,0,0,0,0,0
2022-04-15 15:00:00,0,0,2,1,3,0,7,6,7,8,6,5,5,8,11,13,15,14,14,18,20,26,24,28,29,24,25,23,21,17,16,16,15,20,18,18,13,11,12,14,11,8,4,2,3,4,1,4,3,10,14,16,18,19,21,23,26,32,34,27,26,24,27,28,23,19,14,11,10,15,11,14,9,14,13,13,15,15,12,6,5,7,10,7,2,3,2,1,4,1,2,0,0,1,0,0,0
2022-04-15 16:00:00,1,1,4,6,7,8,5,4,2,4,3,3,11,19,22,8,4,23,24,30,28,30,28,31,33,30,29,11,23,21,24,24,24,21,22,17,13,10,10,9,6,6,5,6,5,0,4,3,14,14,17,16,18,18,18,18,21,21,21,19,16,18,19,19,24,19,15,16,15,13,15,14,14,13,14,17,10,13,8,8,13,9,11,12,6,7,4,3,3,0,2,1,1,0,0,0,0
2022-04-15 17:00:00,0,0,4,6,7,9,9,5,6,4,2,3,6,7,10,10,17,22,23,29,26,24,23,26,29,25,28,26,21,19,19,21,19,20,19,20,19,16,13,12,10,11,16,14,15,16,13,4,3,21,23,27,27,29,30,25,26,28,36,30,29,26,27,26,35,32,19,11,14,13,18,21,17,14,12,10,8,7,5,5,10,4,10,11,8,4,6,4,3,1,0,0,0,0,0,0,0
2022-04-15 18:00:00,1,2,6,4,10,12,7,10,7,6,5,4,7,12,14,15,29,32,35,39,41,43,44,46,43,43,41,41,37,27,27,25,23,24,23,20,16,12,12,11,10,9,11,10,8,8,6,5,3,23,28,30,34,33,30,28,26,29,38,31,25,29,27,26,28,21,18,16,15,14,11,13,10,12,11,13,16,13,10,8,5,6,8,9,13,15,14,11,12,9,5,3,1,0,0,0,0
2022-04-15 19:00:00,0,0,1,4,3,6,5,2,2,4,0,2,8,7,6,7,12,8,6,12,14,21,22,24,23,25,28,27,22,20,21,17,15,22,22,18,11,8,10,8,7,6,8,8,9,7,6,3,4,13,16,9,14,15,19,31,28,31,31,28,25,26,29,27,36,27,22,20,20,15,16,15,14,12,11,12,7,0,0,8,8,5,3,0,2,2,3,2,4,3,5,4,4,2,1,0,0
2022-04-15 20:00:00,0,1,2,0,1,3,0,1,1,3,4,1,0,3,3,4,6,5,5,15,14,8,15,18,20,17,13,14,13,12,9,13,4,12,9,12,9,9,5,7,6,6,4,0,5,3,3,2,0,11,15,16,15,16,20,14,15,20,25,25,22,18,17,15,15,11,13,10,9,11,13,13,10,9,7,6,7,6,5,6,4,3,2,3,4,5,4,3,4,5,3,2,1,10,0,0,0
2022-04-15 21:00:00,0,0,0,2,2,3,3,2,1,5,6,2,0,4,9,8,9,6,8,14,14,16,15,15,15,16,15,15,13,13,12,13,12,14,12,16,10,7,6,1,5,0,3,2,0,2,1,0,2,12,15,4,16,13,14,13,16,0,20,19,15,12,12,11,13,13,9,6,1,7,8,9,7,10,4,3,5,2,1,7,7,5,2,2,3,0,2,2,4,4,2,3,2,1,0,0,0
2022-04-15 22:00:00,0,0,0,0,0,1,1,2,0,3,3,0,0,0,3,2,6,0,2,12,14,20,20,21,22,11,18,17,18,16,13,12,10,16,15,15,12,10,9,7,0,5,5,1,2,4,3,2,3,21,22,22,21,20,17,18,21,24,24,23,20,19,20,14,18,11,9,8,7,6,7,3,8,9,9,10,13,6,0,10,7,2,6,1,2,1,2,2,3,4,5,4,3,2,1,0,0
2022-04-15 23:00:00,0,0,0,0,0,0,0,0,1,0,0,0,0,0,1,1,3,4,3,7,7,8,9,7,0,9,12,11,12,8,11,10,0,10,13,8,6,5,5,4,0,6,3,4,3,2,3,1,1,4,5,5,6,6,2,4,7,8,14,13,9,9,8,2,17,11,8,2,9,7,9,10,7,5,6,2,13,2,10,3,3,2,2,1,0,1,0,2,4,2,2,0,1,0,0,0,0
2022-04-16 00:00:00,0,0,0,0,0,0,0,0,0,0,0,0,0,0,0,0,0,0,0,0,0,0,0,0,0,0,0,0,0,0,0,0,0,0,0,0,0,0,0,0,0,0,0,0,0,0,0,0,0,0,0,0,0,0,0,0,0,0,0,0,0,0,0,0,0,0,0,0,0,0,0,0,0,0,0,0,0,0,0,0,0,0,0,0,0,0,0,0,0,0,0,0,0,0,0,0,0
2022-04-16 01:00:00,0,0,0,0,0,0,0,0,0,0,0,0,0,0,0,0,0,0,0,0,0,0,0,0,0,0,0,0,0,0,0,0,0,0,0,0,0,0,0,0,0,0,0,0,0,0,0,0,0,0,0,0,0,0,0,0,0,0,0,0,0,0,0,0,0,0,0,0,0,0,0,0,0,0,0,0,0,0,0,0,0,0,0,0,0,0,0,0,0,0,0,0,0,0,0,0,0
2022-04-16 02:00:00,0,0,0,0,0,0,0,0,0,0,0,0,0,0,0,0,0,0,0,0,0,0,0,0,0,0,0,0,0,0,0,0,0,0,0,0,0,0,0,0,0,0,0,0,0,0,0,0,0,0,0,0,0,0,0,0,0,0,0,0,0,0,0,0,0,0,0,0,0,0,0,0,0,0,0,0,0,0,0,0,0,0,0,0,0,0,0,0,0,0,0,0,0,0,0,0,0
2022-04-16 03:00:00,0,0,0,0,0,0,0,0,0,0,0,0,0,0,0,0,0,0,0,0,0,0,0,0,0,0,0,0,0,0,0,0,0,0,0,0,0,0,0,0,0,0,0,0,0,0,0,0,0,0,0,0,0,0,0,0,0,0,0,0,0,0,0,0,0,0,0,0,0,0,0,0,0,0,0,0,0,0,0,0,0,0,0,0,0,0,0,0,0,0,0,0,0,0,0,0,0
